	V1	V2	V3	V4	V5	V6	V7	V8	V9	V10	V11	V12	V13
1	324.1504	880	843	807	862	803	770	776	765	782	777	775	757
2	324.69607	893	818	811	857	792	772	772	759	780	784	775	765
3	325.24175	879	846	808	858	807	763	771	759	780	780	774	758
4	325.78745	887	846	807	835	806	783	771	756	775	780	766	759
5	326.33316	889	831	808	851	793	772	779	757	774	768	781	759
6	326.8789	880	834	812	846	786	768	770	765	772	783	771	763
7	327.42465	888	850	814	856	794	769	773	755	777	786	781	764
8	327.97042	882	836	804	844	796	767	771	762	777	789	773	764
9	328.51621	893	851	815	845	792	771	773	759	781	779	764	761
10	329.06202	899	851	824	842	799	767	782	754	762	773	772	752
11	329.60785	888	827	810	853	789	779	767	752	781	790	775	766
12	330.15369	903	837	806	848	795	767	767	766	775	793	768	766
13	330.69955	896	850	807	847	783	779	780	759	775	782	772	759
14	331.24543	893	853	810	859	776	769	777	762	771	779	773	759
15	331.79133	899	843	815	864	792	776	777	762	776	785	771	764
16	332.33725	907	843	809	851	797	767	785	764	781	776	773	758
17	332.88318	889	861	799	843	799	780	769	758	776	778	767	760
18	333.42913	897	846	812	864	797	769	782	753	779	784	771	757
19	333.9751	896	840	824	850	805	770	784	761	774	786	759	759
20	334.52109	897	844	808	868	803	776	784	756	782	768	771	759
21	335.0671	901	851	818	846	790	770	771	763	778	793	771	771
22	335.61312	901	852	819	851	801	767	777	766	773	770	771	760
23	336.15917	919	842	799	853	805	779	775	762	775	776	767	762
24	336.70523	886	833	806	855	802	771	780	772	783	790	778	760
25	337.2513	886	847	830	857	797	776	781	762	773	782	772	764
26	337.7974	889	859	817	847	797	769	767	765	771	790	777	773
27	338.34352	899	854	826	862	796	772	784	756	777	788	770	762
28	338.88965	910	859	821	864	797	766	760	764	768	784	771	759
29	339.4358	886	841	823	864	795	776	774	759	777	785	778	765
30	339.98197	886	831	818	858	815	783	780	757	780	786	771	768
31	340.52816	916	856	827	862	798	771	777	763	778	789	771	767
32	341.07436	907	849	821	866	799	774	771	767	775	792	772	764
33	341.62059	901	854	818	856	795	776	772	767	774	786	775	760
34	342.16683	892	848	825	866	804	773	781	773	777	784	762	763
35	342.71309	888	851	817	860	807	771	775	761	780	779	773	762
36	343.25936	916	859	822	858	803	767	785	764	774	789	773	774
37	343.80566	917	848	811	857	799	774	780	756	773	780	772	763
38	344.35197	919	860	822	857	812	771	773	764	778	791	768	766
39	344.89831	928	864	816	863	807	786	777	762	770	784	770	770
40	345.44466	918	843	827	849	808	780	779	758	778	782	772	755
41	345.99102	896	854	830	862	813	773	784	763	776	780	769	763
42	346.53741	895	858	820	871	799	777	784	760	774	777	775	759
43	347.08381	901	847	822	868	792	781	778	767	762	780	768	769
44	347.63024	915	854	823	852	802	770	783	766	769	785	770	755
45	348.17668	907	847	809	878	797	784	783	761	782	790	767	761
46	348.72314	904	851	823	866	808	776	779	766	780	789	768	763
47	349.26961	922	844	830	860	801	773	782	763	780	778	779	759
48	349.81611	904	858	833	877	800	778	774	769	774	790	782	767
49	350.36262	924	865	832	860	800	777	775	767	768	784	763	762
50	350.90915	921	871	826	864	798	777	777	765	782	780	775	756
51	351.4557	947	859	824	850	807	780	780	758	773	787	794	759
52	352.00227	894	874	835	870	804	776	781	767	782	789	777	766
53	352.54885	903	858	830	870	809	778	777	764	788	783	769	762
54	353.09545	933	867	816	863	808	783	784	756	786	782	785	766
55	353.64208	915	862	822	868	811	774	776	762	785	786	782	766
56	354.18872	919	860	833	854	815	789	776	773	789	790	772	768
57	354.73537	930	857	833	862	811	782	785	764	773	794	775	772
58	355.28205	922	853	825	864	815	781	787	765	771	783	773	775
59	355.82874	939	860	835	878	812	788	791	772	782	778	774	759
60	356.37545	913	876	832	875	807	775	779	764	774	794	777	766
61	356.92218	929	865	830	877	818	781	777	756	781	792	773	763
62	357.46893	919	872	820	874	816	777	781	763	787	790	778	764
63	358.0157	928	899	825	868	809	781	787	761	789	800	776	772
64	358.56248	924	875	822	876	813	791	778	770	788	796	784	766
65	359.10928	938	873	824	853	831	776	778	769	789	793	772	760
66	359.6561	935	862	823	892	825	787	779	769	778	794	777	758
67	360.20294	944	870	826	869	821	776	782	767	772	785	778	770
68	360.7498	929	885	823	870	808	782	783	769	788	791	785	764
69	361.29667	936	864	833	874	820	780	783	775	791	799	773	759
70	361.84356	929	866	837	898	805	783	783	762	776	803	794	771
71	362.39047	934	876	831	876	800	784	790	768	785	805	786	773
72	362.9374	921	866	834	879	816	782	782	765	790	796	772	778
73	363.48435	944	863	823	880	812	780	779	763	783	795	775	760
74	364.03131	949	883	827	883	803	787	779	764	795	786	774	765
75	364.5783	933	880	828	880	812	785	791	756	791	790	782	769
76	365.1253	934	875	838	882	815	787	788	768	785	805	767	773
77	365.67232	948	874	839	882	819	778	794	763	784	805	774	775
78	366.21935	943	885	836	879	820	789	787	774	787	790	783	772
79	366.76641	945	888	843	886	816	779	796	765	783	786	769	770
80	367.31348	944	895	836	885	816	789	788	763	799	789	784	764
81	367.86057	968	880	838	890	811	790	792	771	793	797	775	777
82	368.40768	966	887	837	894	828	785	783	773	788	792	777	777
83	368.95481	954	892	846	903	813	792	797	766	793	807	778	772
84	369.50195	970	901	842	886	815	783	794	770	788	794	777	782
85	370.04912	953	879	839	903	812	793	791	760	773	792	783	766
86	370.5963	957	884	843	884	819	798	794	768	791	799	790	768
87	371.1435	950	887	843	894	824	781	803	768	786	778	778	770
88	371.69072	955	891	852	883	815	784	795	762	792	794	781	767
89	372.23795	961	904	845	896	820	783	796	768	797	801	778	774
90	372.78521	967	892	845	891	836	790	786	767	792	794	784	775
91	373.33248	964	895	826	917	820	797	795	770	793	797	775	769
92	373.87977	960	886	838	903	839	785	790	771	785	793	779	774
93	374.42708	991	915	856	918	833	789	780	773	792	796	783	773
94	374.9744	970	892	870	909	818	794	800	767	783	798	792	780
95	375.52175	959	901	856	935	821	791	805	767	786	807	780	773
96	376.06911	975	906	862	933	825	786	787	766	806	814	797	773
97	376.61649	983	895	863	933	835	794	796	769	797	807	779	765
98	377.16389	973	926	864	907	826	786	796	771	795	801	785	777
99	377.71131	980	925	868	916	831	788	794	773	791	803	789	776
100	378.25874	984	911	861	927	835	793	810	773	803	814	796	782
101	378.80619	999	921	861	916	840	793	797	768	802	809	778	771
102	379.35367	1012	942	857	927	835	787	809	770	795	794	786	779
103	379.90115	1011	936	877	931	834	791	798	767	794	806	790	776
104	380.44866	1005	920	866	942	820	793	796	771	811	806	790	772
105	380.99619	1030	934	867	939	832	795	808	771	799	816	789	776
106	381.54373	1012	941	883	930	847	798	814	778	798	810	793	775
107	382.09129	1009	943	885	949	844	799	801	773	811	824	794	774
108	382.63887	1010	938	884	958	839	789	800	775	801	819	799	777
109	383.18647	1033	938	882	957	844	797	803	770	801	814	803	778
110	383.73408	1013	950	874	962	852	799	806	776	794	813	790	778
111	384.28172	1061	955	895	960	844	799	807	781	808	804	793	778
112	384.82937	1021	943	885	952	838	807	804	774	812	815	805	774
113	385.37704	1074	946	892	972	848	806	810	774	823	827	794	786
114	385.92473	1063	949	886	968	845	803	810	778	816	828	792	783
115	386.47243	1053	972	893	970	851	807	824	776	808	821	802	773
116	387.02016	1068	973	902	975	865	799	818	774	819	829	796	790
117	387.5679	1089	971	889	973	844	812	816	783	819	829	782	775
118	388.11566	1093	983	904	990	875	802	821	784	828	821	803	786
119	388.66344	1093	971	906	988	860	814	822	775	825	820	806	784
120	389.21123	1089	1018	907	993	877	813	827	778	822	835	808	782
121	389.75905	1099	1003	919	993	856	803	827	777	812	831	798	790
122	390.30688	1108	1007	916	1014	874	811	828	788	814	842	794	799
123	390.85473	1153	1014	930	1003	887	806	822	775	827	823	803	784
124	391.4026	1141	1011	940	1031	867	806	827	775	829	835	815	787
125	391.95049	1141	1019	922	1009	872	831	841	794	829	843	806	798
126	392.49839	1152	1064	927	1054	870	810	847	787	832	845	818	792
127	393.04631	1184	1056	940	1061	875	825	834	776	831	838	811	795
128	393.59425	1205	1076	951	1082	885	830	848	793	852	845	819	794
129	394.14221	1228	1071	966	1090	913	826	844	795	834	854	810	802
130	394.69019	1253	1077	994	1076	900	821	864	785	846	858	819	791
131	395.23819	1261	1072	962	1093	918	835	853	795	840	877	815	798
132	395.7862	1266	1107	978	1158	913	838	863	787	860	868	843	809
133	396.33423	1282	1119	1008	1166	924	841	847	792	856	872	825	798
134	396.88228	1322	1151	996	1155	945	842	864	795	868	873	841	810
135	397.43035	1352	1146	1004	1196	951	843	856	792	872	896	839	809
136	397.97843	1370	1182	1026	1207	954	854	899	800	883	885	834	840
137	398.52654	1396	1159	1044	1215	954	869	889	811	901	913	856	816
138	399.07466	1418	1220	1054	1250	977	863	895	804	903	906	839	814
139	399.6228	1466	1248	1098	1264	970	881	885	809	896	908	873	820
140	400.17096	1527	1272	1096	1312	1005	884	912	809	923	937	861	826
141	400.71913	1557	1316	1120	1419	1038	880	920	817	933	955	879	845
142	401.26733	1581	1365	1148	1419	1032	914	944	826	929	966	890	848
143	401.81554	1708	1388	1186	1475	1048	922	914	824	928	973	891	861
144	402.36377	1749	1409	1180	1516	1087	910	959	831	954	986	890	863
145	402.91202	1836	1464	1219	1592	1095	940	969	838	954	994	916	876
146	403.46028	1874	1519	1246	1600	1114	948	982	854	1002	1019	897	891
147	404.00857	1922	1589	1303	1683	1138	974	1028	858	1014	1033	933	890
148	404.55687	2051	1636	1321	1763	1194	980	1017	863	1040	1051	924	898
149	405.10519	2184	1729	1353	1800	1240	986	1064	877	1049	1072	979	902
150	405.65353	2276	1757	1423	1938	1218	983	1081	873	1076	1093	986	945
151	406.20189	2417	1888	1481	2019	1309	1020	1095	877	1097	1150	982	938
152	406.75026	2534	1915	1526	2110	1345	1050	1153	882	1121	1159	1016	964
153	407.29865	2620	2027	1622	2236	1381	1044	1161	914	1151	1203	1045	969
154	407.84707	2808	2138	1683	2307	1409	1123	1192	915	1190	1230	1078	1010
155	408.39549	3003	2229	1778	2475	1481	1115	1190	929	1233	1281	1087	1027
156	408.94394	3119	2361	1857	2598	1557	1153	1245	961	1279	1294	1133	1050
157	409.49241	3373	2446	1883	2755	1623	1219	1280	944	1274	1384	1136	1065
158	410.04089	3581	2599	2032	2919	1682	1223	1332	978	1307	1391	1177	1093
159	410.58939	3722	2768	2115	3120	1750	1235	1394	982	1360	1448	1234	1101
160	411.13791	4030	2977	2199	3321	1861	1283	1417	989	1456	1489	1256	1156
161	411.68645	4279	3088	2303	3480	1944	1360	1479	1040	1503	1530	1279	1175
162	412.235	4544	3252	2446	3692	1955	1394	1511	1057	1565	1578	1319	1191
163	412.78358	4807	3483	2604	3934	2096	1451	1605	1051	1630	1665	1363	1251
164	413.33217	5165	3677	2637	4173	2195	1493	1684	1105	1697	1743	1420	1257
165	413.88078	5447	3933	2877	4542	2310	1587	1745	1136	1756	1877	1474	1326
166	414.42941	5915	4169	3009	4737	2373	1592	1836	1158	1794	1912	1496	1323
167	414.97805	6151	4361	3175	4975	2515	1665	1902	1168	1898	1984	1594	1388
168	415.52672	6558	4675	3402	5340	2723	1741	1974	1215	2043	2044	1668	1411
169	416.0754	7005	4955	3558	5647	2839	1843	2114	1249	2111	2202	1718	1508
170	416.6241	7390	5210	3817	6049	2968	1914	2121	1287	2187	2305	1798	1542
171	417.17282	7950	5525	3968	6365	3113	1930	2281	1359	2266	2410	1800	1619
172	417.72156	8388	5977	4242	6747	3286	2036	2313	1352	2361	2506	1900	1663
173	418.27031	8836	6230	4441	7159	3443	2171	2419	1389	2494	2569	2011	1737
174	418.81908	9335	6512	4701	7587	3648	2230	2512	1422	2603	2753	2055	1773
175	419.36787	10034	6987	5046	7969	3795	2293	2717	1482	2719	2839	2195	1883
176	419.91668	10435	7329	5245	8443	3958	2423	2839	1513	2783	3003	2264	1969
177	420.46551	11128	7728	5494	8978	4164	2472	2942	1566	2959	3131	2355	2019
178	421.01435	11765	8097	5729	9379	4387	2654	3067	1603	3150	3252	2479	2113
179	421.56322	12384	8599	6140	9919	4579	2748	3149	1669	3270	3434	2549	2201
180	422.1121	13214	9101	6310	10499	4807	2862	3332	1724	3383	3547	2661	2243
181	422.661	13928	9407	6720	11024	5099	3043	3420	1815	3522	3685	2794	2330
182	423.20991	14483	9993	6983	11793	5280	3055	3682	1873	3707	3875	2858	2375
183	423.75885	15292	10345	7455	12240	5615	3169	3814	1918	3841	4006	2969	2499
184	424.3078	16026	10918	7713	12883	5637	3347	4006	1978	4044	4190	3083	2605
185	424.85677	16772	11571	8028	13364	6048	3411	4113	2035	4183	4331	3249	2681
186	425.40576	17549	12050	8358	13940	6330	3597	4339	2087	4384	4599	3347	2768
187	425.95477	18448	12610	8729	14674	6558	3762	4440	2124	4582	4683	3448	2883
188	426.5038	19355	13148	9071	15453	6833	3844	4522	2183	4757	4865	3492	2922
189	427.05284	20090	13754	9553	16090	7228	4002	4808	2253	4904	5115	3723	3123
190	427.6019	20800	14245	9810	16610	7377	4203	4993	2350	5028	5297	3824	3139
191	428.15098	21790	14824	10259	17232	7677	4339	5136	2451	5294	5399	3991	3250
192	428.70008	22796	15445	10713	17881	7909	4480	5426	2517	5431	5593	4128	3347
193	429.2492	23496	16015	11056	18737	8340	4600	5496	2496	5658	5824	4240	3509
194	429.79833	24370	16596	11473	19416	8499	4813	5728	2628	5829	5980	4307	3568
195	430.34748	25145	17073	11867	20121	8848	4919	5899	2671	5980	6243	4396	3665
196	430.89665	26043	17599	12181	20872	9019	5062	6091	2814	6203	6368	4547	3857
197	431.44584	26895	18515	12755	21379	9391	5213	6254	2846	6339	6578	4700	3923
198	431.99505	27861	18847	13068	22044	9681	5422	6445	2835	6498	6784	4869	3924
199	432.54427	28888	19447	13348	22720	10009	5513	6663	2939	6745	7046	4931	4110
200	433.09352	29725	19906	13989	23429	10165	5647	6823	3049	6942	7169	5171	4264
201	433.64278	30138	20597	14324	24201	10442	5849	6999	3092	6933	7366	5259	4332
202	434.19206	31552	21128	14662	24834	10795	5997	7186	3239	7270	7512	5388	4465
203	434.74135	32136	21722	14910	25405	11121	6184	7263	3171	7562	7686	5492	4570
204	435.29067	32982	22128	15474	25818	11205	6309	7486	3289	7681	7863	5567	4680
205	435.84	33964	22768	15648	26727	11502	6399	7653	3399	7855	8016	5734	4812
206	436.38935	34672	23243	16049	27087	11893	6380	7831	3484	8067	8095	5797	4698
207	436.93872	35219	23821	16446	28113	12074	6691	7975	3599	8108	8439	5993	4916
208	437.48811	36450	24441	16994	28577	12460	6812	8174	3576	8322	8563	6174	4956
209	438.03751	36883	24857	17174	29156	12617	6883	8319	3620	8495	8738	6279	5067
210	438.58694	37607	25624	17531	29903	12856	7094	8388	3718	8688	8933	6355	5164
211	439.13638	38164	25844	18035	30383	13050	7143	8468	3754	8739	9084	6453	5241
212	439.68584	38936	26148	18278	31037	13242	7337	8652	3849	8967	9174	6562	5305
213	440.23532	40032	26842	18562	31315	13511	7332	8896	3877	9207	9209	6623	5449
214	440.78481	40471	27056	18792	31893	13744	7553	9036	3974	9343	9394	6726	5544
215	441.33432	40878	27550	19114	32429	14068	7577	9125	3995	9391	9565	6933	5574
216	441.88386	41247	28302	19189	33023	14137	7623	9307	4032	9572	9794	7016	5654
217	442.43341	42103	28352	19566	33298	14327	7870	9402	4083	9493	9736	6936	5767
218	442.98297	42860	28866	20054	33756	14569	8008	9538	4129	9829	10021	7100	5782
219	443.53256	43092	28911	20187	34157	14690	7999	9515	4182	9985	10034	7184	5946
220	444.08217	43815	29411	20537	34493	14783	8000	9796	4214	9957	10091	7180	5955
221	444.63179	44055	29632	20661	34933	15055	8343	9809	4294	10155	10396	7255	5993
222	445.18143	44603	30015	20758	35460	15182	8163	9888	4259	10203	10359	7342	6062
223	445.73109	45333	30440	21023	35813	15325	8385	10009	4308	10258	10402	7487	6103
224	446.28076	45287	30802	21340	35625	15477	8451	10082	4374	10387	10502	7431	6121
225	446.83046	46094	30773	21390	36100	15626	8484	10189	4363	10391	10544	7491	6205
226	447.38017	46029	31041	21643	36441	15699	8639	10210	4425	10360	10801	7732	6220
227	447.9299	46489	31212	21766	36823	15872	8590	10385	4543	10640	10702	7688	6250
228	448.47965	46931	31307	21885	37119	15882	8595	10311	4481	10540	10629	7747	6313
229	449.02942	47095	31671	22167	37352	15891	8631	10622	4549	10717	10988	7716	6353
230	449.5792	47509	31911	22046	37518	16122	8871	10342	4468	10611	11068	7782	6318
231	450.12901	47564	31869	22358	37574	16004	8811	10541	4571	10909	10911	7769	6327
232	450.67883	47838	32332	22222	37921	16280	8650	10625	4573	10824	11044	7838	6469
233	451.22867	48053	32094	22506	37814	16116	8852	10691	4621	10917	11045	7906	6399
234	451.77852	48371	32320	22521	38172	16342	8959	10609	4590	10908	11006	7868	6408
235	452.3284	48375	32396	22743	38234	16492	8935	10778	4599	10975	11040	7849	6371
236	452.87829	48523	32611	22697	38528	16264	8882	10634	4672	11127	11184	7954	6521
237	453.4282	48678	32614	22756	38512	16477	8945	10680	4580	10958	11241	7860	6502
238	453.97813	48636	32861	22979	38550	16522	8910	10849	4644	11126	11217	8042	6510
239	454.52808	48696	32876	22727	38598	16416	8941	10848	4635	11131	11180	8056	6451
240	455.07805	48990	32787	22914	38511	16610	8968	10656	4613	11040	11234	7949	6498
241	455.62803	49163	32581	22761	38943	16539	9060	10745	4632	11099	11301	8053	6463
242	456.17803	48919	32955	22971	38875	16575	9109	10853	4637	11102	11261	8005	6484
243	456.72805	48998	33079	22903	38835	16660	9052	10813	4661	11094	11404	8087	6509
244	457.27809	48971	32819	22859	38870	16544	9006	10846	4701	11227	11317	8069	6468
245	457.82815	48847	32862	22992	38901	16482	9061	10839	4671	11112	11255	8049	6605
246	458.37822	48892	32720	22769	38685	16532	9114	10708	4633	11229	11243	7997	6522
247	458.92831	48974	32772	22872	38852	16629	8958	10639	4661	11141	11254	8011	6579
248	459.47842	48683	32935	22830	38762	16362	9007	10842	4625	11125	11265	8039	6508
249	460.02855	48713	32893	22866	38513	16362	8981	10843	4697	11113	11226	7867	6527
250	460.5787	48546	32323	22930	38546	16471	9002	10631	4667	11128	11087	7887	6419
251	461.12886	48659	32365	22602	38479	16361	8868	10734	4652	10952	11239	7945	6458
252	461.67905	48749	32224	22592	38351	16285	8923	10702	4531	10999	11169	7895	6512
253	462.22925	48326	32424	22645	38335	16347	9012	10626	4584	10861	11020	7894	6416
254	462.77947	48096	32354	22611	38137	16059	8817	10521	4611	11027	10970	7962	6450
255	463.3297	47802	32018	22340	37863	16170	8790	10539	4579	10729	11013	7908	6501
256	463.87996	47732	32108	22567	37865	16174	8736	10631	4521	10808	10911	7877	6488
257	464.43023	47603	31961	22195	38004	16246	8789	10534	4508	10749	10869	7778	6399
258	464.98052	47195	31799	22202	37539	16092	8761	10403	4532	10792	10741	7743	6410
259	465.53083	46957	31535	22201	37629	16092	8736	10562	4564	10675	10917	7870	6371
260	466.08116	47167	31432	22000	37400	15924	8591	10391	4562	10637	10792	7680	6330
261	466.63151	46905	31242	21895	37099	15855	8681	10377	4472	10584	10806	7720	6307
262	467.18187	46569	31168	21694	36986	15588	8622	10199	4467	10687	10730	7712	6246
263	467.73225	46343	31169	21728	36980	15674	8803	10235	4390	10483	10660	7635	6201
264	468.28265	45747	30745	21493	36786	15609	8522	10196	4444	10450	10516	7497	6268
265	468.83307	45657	30880	21513	36537	15520	8588	10132	4487	10567	10423	7513	6260
266	469.3835	45725	30482	21360	36088	15364	8547	10198	4406	10454	10609	7512	6112
267	469.93396	45456	30502	21382	36149	15331	8364	9956	4417	10306	10448	7476	6208
268	470.48443	45153	30025	21227	35741	15138	8328	9878	4348	10330	10319	7397	6098
269	471.03492	44857	30147	20992	35639	15137	8272	9918	4314	10182	10294	7359	6051
270	471.58543	44418	29824	20844	35556	15040	8301	9781	4393	10192	10334	7317	5975
271	472.13595	44016	29584	20729	35315	14947	8261	9755	4316	10123	10225	7228	5900
272	472.6865	43894	29608	20803	35094	14749	8152	9604	4293	10175	10148	7277	5831
273	473.23706	43643	29275	20667	34763	14766	8089	9606	4214	10119	10039	7200	5905
274	473.78764	43077	28738	20338	34824	14588	8051	9591	4264	9884	10120	7202	5848
275	474.33824	43030	28742	20332	34516	14582	8064	9501	4160	9891	9914	7192	5843
276	474.88886	42638	28530	19941	34140	14453	7992	9352	4134	9780	9751	7125	5844
277	475.43949	42499	28303	19962	33784	14476	7811	9453	4086	9866	9681	7032	5776
278	475.99014	42149	28108	19618	33660	14140	7768	9414	4121	9551	9716	6900	5783
279	476.54082	41402	28013	19418	33337	14146	7827	9133	4135	9505	9716	6923	5686
280	477.0915	41208	27637	19560	33200	14026	7776	9304	4060	9524	9630	6993	5601
281	477.64221	40999	27571	19545	33195	13843	7596	9079	4014	9523	9349	6822	5601
282	478.19294	40834	27197	19234	32720	13712	7722	9186	3961	9361	9332	6763	5518
283	478.74368	40253	27137	19190	32306	13720	7520	9047	3892	9491	9324	6629	5588
284	479.29444	39903	26772	18960	32034	13557	7465	8984	3895	9361	9458	6689	5473
285	479.84522	39564	26424	18878	31802	13438	7389	8904	3904	9147	9195	6670	5448
286	480.39602	39525	26278	18767	31775	13271	7319	8718	3868	9116	9149	6586	5462
287	480.94683	38977	25986	18521	31466	13188	7364	8711	3926	9105	9074	6585	5287
288	481.49767	38517	25940	18340	31220	13178	7233	8709	3819	8991	9024	6555	5309
289	482.04852	38549	25520	18077	31111	13012	7196	8501	3854	9017	8912	6428	5299
290	482.59939	38024	25511	18029	30490	12939	7133	8564	3845	8862	8868	6439	5273
291	483.15028	37741	25331	17867	30587	12753	7132	8454	3839	8853	8778	6313	5158
292	483.70118	37462	24863	17874	30281	12763	7028	8414	3780	8757	8828	6203	5087
293	484.25211	36910	24680	17617	30073	12696	7027	8432	3661	8622	8600	6268	5058
294	484.80305	36841	24447	17343	30065	12590	6915	8395	3645	8562	8504	6222	5174
295	485.35401	36479	24517	17163	29547	12449	6881	8210	3666	8468	8577	6190	5060
296	485.90499	36265	24247	17214	29232	12304	6880	8081	3629	8524	8474	6157	4963
297	486.45598	35945	24172	17312	29067	12268	6820	8170	3612	8370	8371	6046	4997
298	487.007	35636	23837	16859	28820	12266	6800	8013	3597	8450	8355	6097	4940
299	487.55803	35333	23640	16779	28656	12001	6727	8086	3544	8400	8275	6004	4949
300	488.10908	35341	23305	16717	28314	11948	6640	7885	3584	8148	8267	5941	4839
301	488.66015	34738	23283	16296	28190	11782	6508	7907	3529	8169	8068	5834	4922
302	489.21124	34412	22949	16289	28098	11787	6551	7769	3476	8133	8096	5891	4855
303	489.76234	34068	22878	16106	27875	11788	6450	7759	3464	8176	8071	5863	4755
304	490.31346	33921	22523	16183	27747	11432	6450	7630	3428	7994	7973	5753	4800
305	490.8646	33636	22657	15872	27390	11528	6300	7586	3459	7901	7958	5684	4709
306	491.41576	33375	22342	15852	27301	11366	6340	7410	3380	7729	7801	5706	4703
307	491.96694	32914	22155	15712	26967	11396	6315	7488	3362	7805	7823	5601	4618
308	492.51814	32861	21840	15506	27030	11258	6335	7492	3376	7879	7682	5766	4677
309	493.06935	32531	21796	15391	26499	11059	6107	7382	3364	7859	7739	5623	4633
310	493.62058	32268	21550	15222	26107	10981	6173	7402	3405	7757	7582	5566	4524
311	494.17183	31870	21508	15139	26264	10797	6188	7322	3296	7722	7584	5477	4538
312	494.7231	31823	21152	15082	26026	10875	6083	7238	3253	7582	7448	5470	4512
313	495.27438	31751	21173	14996	25982	10902	6071	7188	3247	7442	7523	5396	4476
314	495.82569	31348	20845	14910	25634	10586	6019	7156	3218	7442	7459	5331	4449
315	496.37701	30900	20720	14625	25462	10673	5976	6974	3236	7475	7397	5452	4433
316	496.92835	30792	20553	14609	25515	10574	5988	6952	3145	7408	7330	5305	4315
317	497.47971	30553	20462	14728	25251	10514	5883	7072	3194	7377	7301	5197	4415
318	498.03108	30384	20455	14331	24961	10400	5882	6948	3216	7233	7153	5291	4408
319	498.58248	30144	19975	14360	24681	10245	5752	6961	3143	7190	7175	5235	4381
320	499.13389	29812	19998	14216	24748	10206	5833	6751	3131	7137	7214	5159	4331
321	499.68532	29668	20045	14252	24486	10258	5659	6731	3084	7107	7110	5225	4207
322	500.23677	29587	19643	14124	24510	10096	5591	6769	3133	7049	7012	5158	4281
323	500.78823	29093	19406	13989	24186	10098	5640	6700	3075	7094	6993	5111	4213
324	501.33972	29092	19549	13944	24083	9951	5667	6611	3125	6911	6926	5164	4171
325	501.89122	28774	19270	13894	24040	9943	5644	6666	3076	6928	6987	4979	4275
326	502.44274	28621	19093	13670	23611	9832	5533	6550	3064	6960	6759	4959	4161
327	502.99428	28515	18866	13665	23737	9714	5506	6601	3026	6876	6778	4934	4195
328	503.54584	28393	18725	13468	23615	9665	5513	6414	3032	6868	6798	4949	4134
329	504.09741	28163	18740	13554	23346	9557	5401	6384	3018	6899	6675	4945	4101
330	504.649	27920	18738	13400	23060	9660	5387	6452	3034	6799	6728	4829	3986
331	505.20062	27653	18500	13275	22954	9463	5448	6377	2976	6787	6557	4820	4004
332	505.75224	27573	18450	13217	22949	9377	5307	6278	2908	6707	6587	4857	3971
333	506.30389	27320	18259	12857	22733	9383	5323	6265	2954	6675	6600	4808	4018
334	506.85556	26894	18138	12998	22472	9331	5265	6252	2960	6566	6392	4820	4001
335	507.40724	26701	17900	12912	22315	9221	5368	6140	2841	6614	6426	4689	3907
336	507.95894	26869	17639	12841	22430	9270	5235	6173	2864	6429	6374	4689	4034
337	508.51066	26372	17697	12681	22084	9049	5243	6065	2876	6440	6378	4721	3944
338	509.0624	26360	17629	12543	21904	9028	5181	6095	2828	6395	6397	4602	3907
339	509.61415	25930	17484	12484	21887	8980	5075	6008	2779	6375	6241	4587	3854
340	510.16593	25843	17276	12501	21601	8791	5096	5889	2792	6430	6204	4618	3810
341	510.71772	25504	17117	12140	21439	8940	5021	5827	2809	6331	6031	4507	3779
342	511.26953	25470	16906	12224	21308	8736	4967	5975	2796	6298	6158	4554	3848
343	511.82136	25354	16990	12137	21043	8743	4987	5875	2766	6231	5938	4421	3725
344	512.3732	25143	16714	12046	21008	8733	4971	5751	2788	6110	5990	4448	3713
345	512.92507	24696	16540	11935	20785	8641	4904	5778	2686	6083	5899	4424	3703
346	513.47695	24624	16529	11874	20735	8546	4862	5694	2642	6094	5884	4450	3735
347	514.02885	24079	16322	11560	20489	8318	4874	5736	2688	5988	5894	4386	3680
348	514.58077	24123	16285	11622	20159	8369	4761	5670	2620	6090	5875	4387	3622
349	515.13271	23950	16016	11546	20184	8260	4779	5638	2607	5957	5785	4283	3552
350	515.68466	23881	15795	11352	19936	8187	4691	5600	2614	5830	5716	4235	3505
351	516.23663	23564	15813	11268	19785	8056	4679	5484	2612	5799	5735	4195	3484
352	516.78862	23473	15813	11291	19583	8034	4659	5469	2567	5763	5630	4260	3488
353	517.34063	23088	15520	11131	19360	8022	4575	5432	2552	5819	5591	4239	3468
354	517.89266	23035	15245	11009	19310	7945	4507	5344	2554	5732	5555	4077	3488
355	518.4447	22696	15243	10984	19363	7847	4462	5313	2498	5672	5534	4073	3448
356	518.99677	22465	15101	10826	19156	7869	4520	5251	2504	5652	5381	4039	3438
357	519.54885	22230	14936	10761	18751	7787	4504	5251	2484	5499	5404	4054	3312
358	520.10095	22137	14806	10621	18647	7709	4423	5229	2456	5584	5298	4060	3377
359	520.65306	21955	14662	10554	18342	7618	4299	5099	2501	5497	5439	4001	3344
360	521.2052	21455	14499	10394	18287	7592	4243	5154	2445	5456	5254	3908	3242
361	521.75735	21297	14395	10394	18181	7548	4316	5187	2441	5414	5214	3887	3347
362	522.30952	21342	14276	10207	17963	7460	4227	5055	2476	5320	5254	3889	3231
363	522.86171	21007	14102	10099	17824	7376	4213	4951	2363	5242	5145	3789	3311
364	523.41392	20893	13994	9967	17878	7245	4210	5035	2405	5232	5107	3876	3171
365	523.96615	20668	13842	10098	17574	7214	4186	4863	2366	5229	5138	3757	3154
366	524.51839	20525	13795	9791	17369	7098	4173	4862	2378	5225	5007	3722	3233
367	525.07065	20348	13499	9790	17092	7036	4134	4775	2311	5110	4987	3695	3152
368	525.62293	19934	13442	9769	17035	7003	4139	4834	2343	5134	4958	3674	3121
369	526.17523	19965	13283	9537	16945	6919	3985	4703	2303	5051	4940	3652	3121
370	526.72755	19619	13305	9555	16675	6903	4015	4719	2264	5066	4817	3569	3048
371	527.27988	19646	13017	9314	16566	6791	3942	4692	2275	4952	4851	3598	3013
372	527.83223	19243	12938	9278	16580	6857	3987	4679	2226	4988	4710	3560	2994
373	528.3846	19121	12710	9289	16173	6682	3867	4583	2232	4900	4685	3597	2960
374	528.93699	18700	12599	9148	15936	6673	3861	4517	2222	4869	4622	3520	3005
375	529.4894	18641	12555	9164	15986	6604	3779	4492	2266	4822	4707	3438	2993
376	530.04182	18397	12261	9005	15754	6618	3754	4388	2201	4783	4552	3437	2923
377	530.59427	18322	12272	8850	15572	6419	3777	4339	2176	4761	4593	3445	2889
378	531.14673	18139	12055	8828	15445	6360	3711	4328	2189	4599	4527	3416	2908
379	531.69921	17924	12026	8728	15366	6321	3611	4247	2138	4591	4451	3392	2904
380	532.2517	17635	11923	8567	15318	6295	3745	4336	2153	4611	4382	3302	2802
381	532.80422	17509	11747	8524	15136	6111	3670	4167	2104	4563	4434	3309	2788
382	533.35675	17426	11550	8345	14810	6181	3606	4175	2123	4492	4292	3227	2799
383	533.9093	17251	11518	8397	14691	6103	3529	4225	2113	4510	4251	3267	2741
384	534.46187	16912	11378	8306	14524	6058	3486	4150	2072	4347	4267	3280	2718
385	535.01446	16904	11336	8231	14384	5944	3520	4107	2075	4328	4141	3238	2709
386	535.56706	16606	11267	8106	14419	5851	3467	4051	2027	4347	4176	3155	2675
387	536.11969	16502	11135	7907	14100	5877	3406	4013	2028	4309	4211	3094	2703
388	536.67233	16353	10840	8002	14005	5732	3374	3988	2003	4305	4118	3047	2646
389	537.22499	16082	10930	7789	13847	5642	3378	3850	2000	4181	4103	3088	2632
390	537.77767	15971	10799	7891	13711	5614	3347	3884	1982	4138	4057	2979	2618
391	538.33036	15701	10621	7789	13538	5610	3387	3865	1958	4190	3996	3049	2601
392	538.88307	15530	10497	7598	13449	5601	3305	3954	1936	4125	3917	2998	2551
393	539.43581	15392	10339	7458	13315	5462	3296	3814	1937	4115	3970	3007	2527
394	539.98856	15132	10279	7502	13058	5480	3243	3764	1941	4025	3884	2960	2519
395	540.54132	15078	10121	7430	13055	5477	3181	3730	1919	4005	3919	2927	2495
396	541.09411	15000	10075	7310	12950	5320	3205	3734	1871	3935	3794	2978	2443
397	541.64692	14877	9933	7174	12715	5376	3105	3682	1871	4002	3811	2843	2465
398	542.19974	14521	9850	7102	12611	5310	3209	3653	1914	3910	3760	2898	2450
399	542.75258	14466	9749	7072	12423	5223	3080	3655	1859	3830	3760	2821	2430
400	543.30544	14159	9633	6978	12212	5175	3042	3592	1808	3832	3715	2765	2450
401	543.85831	14180	9530	6891	11991	5114	3093	3543	1808	3814	3658	2749	2406
402	544.41121	13865	9468	6970	12002	5100	3027	3541	1827	3676	3650	2742	2374
403	544.96412	13790	9367	6766	11931	5125	2971	3408	1816	3711	3615	2733	2397
404	545.51705	13745	9257	6799	11941	4989	2933	3421	1797	3669	3563	2758	2387
405	546.07	13559	9211	6686	11704	4858	2904	3457	1819	3686	3522	2703	2351
406	546.62297	13488	9057	6604	11659	4783	2920	3377	1783	3559	3420	2667	2316
407	547.17595	13204	8909	6461	11334	4811	2906	3341	1765	3570	3424	2649	2252
408	547.72896	12963	8989	6514	11189	4701	2833	3336	1739	3497	3440	2586	2265
409	548.28198	12923	8654	6418	11230	4695	2772	3291	1771	3586	3353	2629	2252
410	548.83502	12644	8612	6359	10998	4698	2851	3209	1752	3480	3320	2535	2222
411	549.38807	12532	8615	6276	10958	4549	2749	3214	1721	3433	3322	2526	2219
412	549.94115	12509	8476	6153	10842	4592	2698	3175	1674	3432	3319	2589	2224
413	550.49424	12405	8327	6149	10704	4442	2710	3145	1669	3402	3275	2489	2175
414	551.04735	12265	8300	6021	10585	4491	2695	3101	1684	3436	3167	2481	2103
415	551.60048	12070	8152	5941	10343	4395	2648	3079	1685	3297	3178	2463	2144
416	552.15363	11732	7973	5860	10365	4311	2564	3008	1669	3335	3113	2432	2105
417	552.7068	11637	7910	5845	10230	4349	2606	3074	1645	3242	3133	2409	2080
418	553.25998	11491	7840	5847	10218	4263	2568	2939	1592	3190	3083	2404	2033
419	553.81318	11361	7703	5734	10005	4259	2608	3015	1648	3215	3046	2367	2065
420	554.3664	11367	7760	5637	9660	4166	2579	2944	1632	3180	2979	2342	2037
421	554.91964	11180	7620	5609	9777	4103	2485	2919	1616	3122	3047	2353	2030
422	555.4729	11150	7493	5505	9529	4008	2554	2848	1578	3086	2965	2294	2010
423	556.02617	10884	7361	5479	9525	4062	2480	2856	1554	3059	2981	2274	1991
424	556.57946	10920	7327	5348	9366	3964	2454	2829	1569	3029	2866	2268	2005
425	557.13277	10515	7263	5204	9188	3951	2453	2766	1539	3047	2908	2234	1916
426	557.6861	10404	7122	5250	9032	3978	2421	2785	1508	2983	2853	2217	1946
427	558.23945	10356	7012	5122	9025	3824	2426	2772	1546	2955	2833	2215	1926
428	558.79281	10296	6965	5069	8967	3826	2408	2661	1533	2995	2872	2212	1922
429	559.3462	10079	6851	5027	8959	3760	2379	2681	1533	2871	2691	2163	1862
430	559.8996	10086	6701	4983	8666	3758	2365	2658	1480	2884	2727	2138	1872
431	560.45302	9836	6694	5017	8585	3683	2270	2672	1477	2934	2678	2105	1798
432	561.00645	9715	6559	4850	8525	3578	2239	2562	1465	2795	2723	2093	1849
433	561.55991	9582	6445	4847	8370	3641	2251	2595	1489	2796	2675	2065	1825
434	562.11338	9435	6348	4757	8316	3497	2217	2567	1436	2766	2555	2064	1840
435	562.66687	9227	6406	4803	8155	3531	2211	2550	1463	2652	2605	2071	1835
436	563.22038	9171	6264	4668	8181	3439	2182	2537	1442	2639	2545	2004	1780
437	563.77391	9063	6215	4515	7944	3376	2154	2488	1435	2667	2533	1989	1748
438	564.32746	8917	6162	4491	7807	3374	2152	2468	1408	2602	2552	1952	1719
439	564.88102	8929	6032	4461	7708	3386	2147	2412	1377	2616	2492	1930	1703
440	565.4346	8795	5939	4370	7740	3264	2139	2443	1395	2600	2461	1967	1693
441	565.9882	8560	5842	4434	7602	3305	2083	2353	1391	2519	2435	1896	1669
442	566.54182	8389	5820	4306	7564	3155	2059	2363	1369	2519	2395	1923	1648
443	567.09545	8268	5759	4215	7477	3194	2061	2303	1341	2519	2424	1869	1700
444	567.64911	8218	5590	4158	7305	3108	2091	2333	1374	2494	2368	1904	1680
445	568.20278	8174	5604	4142	7187	3091	1998	2312	1355	2466	2341	1875	1635
446	568.75647	8073	5500	4139	7149	3101	1987	2269	1371	2406	2310	1827	1629
447	569.31018	7838	5409	4007	6950	3035	2010	2233	1288	2373	2359	1844	1623
448	569.8639	7840	5429	4080	6864	3031	1885	2177	1327	2387	2249	1851	1644
449	570.41765	7683	5269	4016	6699	2974	1903	2136	1323	2311	2262	1791	1610
450	570.97141	7535	5155	3875	6726	2919	1937	2185	1306	2348	2195	1793	1604
451	571.52519	7510	5219	3852	6620	2910	1875	2212	1335	2331	2199	1786	1597
452	572.07899	7377	5163	3811	6608	2943	1887	2164	1306	2257	2148	1767	1572
453	572.63281	7310	5049	3751	6535	2865	1860	2071	1265	2284	2178	1725	1530
454	573.18664	7218	4955	3739	6400	2825	1832	2123	1273	2276	2175	1714	1570
455	573.74049	7106	4896	3665	6332	2775	1854	2006	1269	2206	2055	1729	1581
456	574.29437	7024	4834	3661	6201	2723	1827	2020	1267	2199	2079	1721	1520
457	574.84825	6919	4801	3627	6252	2721	1815	1998	1267	2154	2050	1671	1517
458	575.40216	6775	4715	3598	6102	2704	1763	2041	1236	2139	2043	1681	1512
459	575.95609	6702	4756	3524	6096	2618	1785	1985	1225	2094	2044	1694	1468
460	576.51003	6612	4628	3461	6000	2667	1755	1984	1217	2139	2014	1662	1479
461	577.06399	6504	4565	3406	5883	2574	1698	1939	1223	2071	2002	1618	1487
462	577.61797	6417	4491	3418	5861	2580	1662	1922	1221	2031	1990	1577	1466
463	578.17197	6446	4419	3314	5635	2507	1711	1859	1198	2043	1895	1578	1486
464	578.72598	6388	4304	3323	5555	2543	1714	1916	1215	2028	1969	1578	1463
465	579.28002	6211	4312	3221	5530	2524	1673	1871	1210	1979	1906	1579	1389
466	579.83407	6006	4263	3212	5446	2510	1667	1809	1212	1997	1894	1570	1400
467	580.38814	5862	4169	3169	5442	2443	1662	1843	1209	1993	1865	1557	1413
468	580.94223	5871	4215	3199	5364	2420	1611	1845	1178	1963	1861	1541	1395
469	581.49633	5875	4051	3064	5252	2446	1622	1803	1185	1945	1829	1517	1414
470	582.05046	5774	3959	3122	5171	2341	1645	1835	1167	1919	1842	1503	1359
471	582.6046	5689	3994	3043	5145	2360	1606	1834	1166	1895	1773	1527	1369
472	583.15876	5640	3927	2993	5016	2306	1581	1736	1158	1881	1780	1482	1364
473	583.71294	5590	3935	2906	4989	2304	1587	1723	1132	1823	1769	1458	1331
474	584.26713	5483	3783	2913	4899	2275	1574	1744	1140	1837	1767	1451	1351
475	584.82135	5415	3835	2910	4915	2267	1528	1738	1135	1824	1692	1486	1328
476	585.37558	5325	3669	2810	4934	2249	1521	1674	1113	1807	1757	1420	1316
477	585.92983	5291	3585	2826	4708	2201	1516	1730	1120	1818	1748	1450	1319
478	586.4841	5151	3584	2778	4616	2171	1530	1654	1135	1830	1694	1416	1291
479	587.03839	5050	3571	2787	4636	2187	1465	1639	1097	1760	1664	1388	1300
480	587.59269	5079	3533	2705	4545	2135	1515	1663	1108	1727	1660	1423	1279
481	588.14701	4963	3446	2805	4495	2163	1471	1600	1101	1735	1661	1401	1268
482	588.70135	4957	3440	2649	4522	2074	1434	1642	1106	1730	1631	1409	1267
483	589.25571	4814	3431	2647	4376	2095	1449	1573	1097	1730	1617	1359	1252
484	589.81009	4816	3331	2589	4351	2059	1439	1553	1097	1675	1593	1396	1251
485	590.36449	4661	3372	2584	4294	2008	1416	1557	1079	1691	1676	1346	1268
486	590.9189	4658	3263	2542	4156	2013	1394	1584	1085	1633	1579	1364	1253
487	591.47333	4506	3257	2489	4142	2028	1419	1556	1070	1648	1602	1339	1260
488	592.02778	4398	3226	2505	4069	1947	1373	1577	1087	1643	1565	1313	1219
489	592.58225	4467	3188	2474	4021	1959	1374	1526	1055	1644	1584	1308	1222
490	593.13673	4414	3131	2388	3964	1911	1361	1490	1021	1580	1510	1310	1186
491	593.69124	4419	3063	2410	3927	1861	1360	1490	1020	1566	1510	1293	1209
492	594.24576	4265	2999	2375	3895	1885	1331	1458	1045	1598	1483	1265	1202
493	594.8003	4221	2931	2318	3839	1882	1316	1464	1047	1509	1505	1286	1189
494	595.35486	4100	2940	2276	3747	1863	1327	1423	1040	1588	1493	1274	1166
495	595.90943	4082	2972	2286	3710	1831	1332	1412	1024	1556	1472	1235	1140
496	596.46403	4065	2940	2247	3641	1791	1322	1445	1032	1527	1444	1290	1191
497	597.01864	4023	2802	2274	3580	1805	1265	1417	1011	1501	1422	1247	1148
498	597.57327	3961	2849	2232	3534	1759	1308	1410	1027	1515	1438	1234	1171
499	598.12792	3839	2796	2204	3566	1746	1300	1383	1015	1491	1442	1200	1140
500	598.68258	3877	2779	2225	3473	1736	1289	1352	1001	1463	1420	1222	1153
501	599.23727	3783	2698	2150	3391	1699	1273	1385	1017	1443	1409	1205	1126
502	599.79197	3675	2636	2065	3352	1699	1256	1344	987	1445	1389	1206	1142
503	600.34669	3652	2648	2076	3327	1690	1253	1350	990	1450	1394	1185	1108
504	600.90143	3637	2590	2097	3291	1689	1230	1315	993	1397	1358	1160	1114
505	601.45619	3579	2588	2066	3239	1667	1242	1321	986	1414	1355	1179	1103
506	602.01096	3505	2543	2017	3209	1622	1242	1315	982	1358	1338	1199	1106
507	602.56575	3494	2511	2026	3212	1623	1210	1284	975	1400	1331	1155	1084
508	603.12057	3316	2479	1992	3148	1605	1205	1316	987	1366	1318	1162	1094
509	603.67539	3341	2452	1947	3099	1597	1205	1313	976	1389	1330	1167	1100
510	604.23024	3270	2398	1938	3001	1585	1184	1283	989	1340	1331	1140	1060
511	604.78511	3283	2365	1936	3047	1568	1150	1257	947	1312	1295	1159	1074
512	605.33999	3171	2373	1884	2945	1520	1178	1266	965	1342	1261	1129	1066
513	605.89489	3142	2303	1845	2892	1508	1173	1276	975	1345	1279	1123	1060
514	606.44981	3131	2272	1862	2876	1526	1154	1227	959	1302	1258	1129	1047
515	607.00475	3076	2295	1828	2847	1499	1147	1206	936	1304	1280	1114	1052
516	607.5597	3058	2257	1791	2811	1452	1168	1210	918	1281	1239	1121	1035
517	608.11468	2946	2216	1753	2758	1495	1152	1227	936	1281	1246	1111	1040
518	608.66967	2942	2246	1747	2755	1460	1133	1225	930	1258	1257	1123	1059
519	609.22468	2908	2151	1692	2754	1448	1130	1188	931	1242	1224	1088	1024
520	609.77971	2821	2145	1715	2670	1450	1116	1193	922	1272	1227	1107	1018
521	610.33475	2825	2103	1727	2624	1441	1125	1194	925	1248	1212	1074	1009
522	610.88982	2795	2056	1702	2548	1427	1126	1165	930	1212	1204	1071	1001
523	611.4449	2747	2059	1683	2538	1427	1110	1182	907	1234	1192	1076	1030
524	612	2732	2014	1664	2505	1392	1099	1179	930	1235	1175	1073	1000
525	612.55512	2677	2005	1649	2533	1383	1090	1176	924	1245	1161	1049	995
526	613.11025	2683	1980	1634	2421	1372	1098	1151	937	1226	1186	1082	1007
527	613.66541	2596	2010	1620	2421	1351	1059	1152	914	1189	1161	1065	1007
528	614.22058	2616	1941	1612	2410	1327	1059	1151	899	1203	1156	1037	999
529	614.77577	2574	1935	1578	2365	1358	1066	1131	920	1204	1159	1054	982
530	615.33098	2527	1921	1592	2351	1354	1058	1139	898	1177	1153	1037	970
531	615.88621	2514	1862	1593	2406	1317	1063	1130	921	1188	1135	1018	966
532	616.44145	2435	1867	1538	2265	1294	1045	1104	920	1159	1140	1021	962
533	616.99672	2429	1856	1510	2304	1290	1060	1112	907	1140	1101	1035	954
534	617.552	2370	1850	1548	2277	1300	1045	1080	893	1143	1093	1014	968
535	618.1073	2383	1767	1525	2261	1284	1055	1088	880	1140	1107	1006	963
536	618.66261	2315	1787	1504	2155	1288	1027	1063	897	1124	1082	1011	969
537	619.21795	2342	1750	1490	2146	1289	1074	1077	877	1148	1098	1000	972
538	619.7733	2299	1785	1466	2122	1244	1012	1099	886	1117	1085	1006	951
539	620.32867	2265	1803	1471	2119	1237	1046	1079	903	1122	1096	985	939
540	620.88406	2248	1722	1452	2114	1243	1008	1050	873	1096	1074	1006	962
541	621.43947	2185	1720	1423	2042	1241	1002	1067	874	1094	1080	987	964
542	621.9949	2171	1685	1415	2057	1242	1000	1082	881	1096	1068	961	958
543	622.55034	2163	1622	1399	2072	1220	990	1071	875	1101	1074	982	936
544	623.1058	2154	1688	1408	1983	1212	1019	1059	873	1070	1061	976	938
545	623.66128	2128	1651	1414	1955	1208	987	1062	883	1068	1058	971	925
546	624.21678	2116	1603	1369	1941	1175	1005	1033	871	1080	1047	965	937
547	624.7723	2060	1607	1385	1960	1228	975	1049	856	1070	1067	966	950
548	625.32783	2048	1573	1361	1972	1179	997	1016	878	1085	1060	971	911
549	625.88338	2029	1621	1330	1879	1191	958	1024	871	1063	1046	959	934
550	626.43895	2011	1566	1332	1875	1169	970	1031	862	1076	1044	960	923
551	626.99454	2027	1575	1342	1890	1170	990	1014	857	1046	1024	953	917
552	627.55015	1962	1581	1343	1803	1153	966	1033	858	1075	1007	966	932
553	628.10577	1948	1563	1302	1813	1174	967	1010	855	1042	1027	953	908
554	628.66142	1924	1502	1321	1779	1125	981	1016	854	1034	1034	958	917
555	629.21708	1913	1478	1294	1796	1146	954	999	861	1033	1021	954	901
556	629.77275	1894	1494	1263	1821	1132	959	1003	832	1052	1032	947	911
557	630.32845	1857	1480	1275	1782	1114	953	985	845	1035	1008	955	907
558	630.88417	1853	1475	1255	1749	1129	952	980	860	1008	987	940	920
559	631.4399	1870	1462	1254	1718	1093	951	979	854	1015	1016	933	896
560	631.99565	1865	1462	1266	1700	1102	952	973	859	991	989	926	893
561	632.55142	1834	1466	1239	1666	1076	945	975	855	1011	991	924	893
562	633.10721	1812	1474	1238	1676	1100	946	973	856	990	986	919	889
563	633.66301	1741	1427	1217	1687	1089	918	976	861	1000	1001	909	902
564	634.21884	1761	1382	1221	1649	1079	941	967	845	1010	1013	931	890
565	634.77468	1762	1420	1220	1648	1056	934	959	843	1003	975	903	895
566	635.33054	1771	1377	1224	1649	1077	959	972	837	993	977	947	907
567	635.88641	1715	1395	1211	1601	1081	939	960	850	1002	965	921	890
568	636.44231	1687	1367	1213	1605	1063	923	968	841	979	979	901	902
569	636.99822	1719	1343	1210	1607	1055	924	970	835	974	961	906	891
570	637.55416	1658	1363	1176	1574	1049	928	945	830	991	947	908	883
571	638.11011	1677	1337	1176	1588	1024	914	949	849	969	955	898	898
572	638.66607	1639	1314	1159	1599	1077	914	951	840	987	933	917	885
573	639.22206	1623	1343	1173	1542	1044	910	939	843	987	953	884	898
574	639.77806	1623	1325	1160	1533	1055	917	934	836	975	965	888	899
575	640.33409	1634	1326	1161	1539	1035	907	943	831	971	939	898	885
576	640.89013	1560	1312	1160	1541	1035	896	950	835	951	934	910	856
577	641.44619	1597	1305	1143	1493	1036	909	935	833	963	967	903	867
578	642.00226	1560	1287	1134	1499	1036	893	926	836	953	946	885	874
579	642.55836	1556	1308	1176	1487	1008	899	926	850	969	933	899	864
580	643.11447	1507	1274	1124	1484	1024	911	944	822	960	944	895	868
581	643.6706	1547	1279	1106	1442	1030	901	930	827	952	952	895	881
582	644.22675	1532	1296	1118	1454	1015	898	930	832	949	928	884	871
583	644.78292	1553	1280	1118	1422	1039	891	917	841	931	927	881	875
584	645.3391	1541	1250	1111	1453	1011	888	910	819	929	931	895	861
585	645.8953	1499	1243	1120	1418	1028	877	904	828	949	932	880	869
586	646.45153	1481	1233	1107	1418	1002	871	924	824	929	927	868	858
587	647.00777	1478	1242	1094	1423	1011	885	971	833	926	923	878	860
588	647.56402	1425	1240	1097	1400	976	896	1324	828	951	921	895	866
589	648.1203	1505	1206	1076	1368	978	891	944	831	931	917	873	856
590	648.67659	1430	1235	1070	1396	978	899	925	813	921	918	876	852
591	649.2329	1471	1218	1089	1360	968	884	919	824	915	922	872	859
592	649.78923	1437	1206	1083	1386	995	885	897	821	923	897	886	840
593	650.34558	1454	1206	1105	1365	967	894	893	822	920	912	871	862
594	650.90195	1430	1195	1068	1372	984	867	904	810	913	900	877	852
595	651.45833	1397	1149	1047	1370	981	880	899	818	910	928	871	863
596	652.01473	1403	1163	1049	1332	982	887	891	827	900	914	867	860
597	652.57115	1415	1173	1066	1336	968	874	909	824	891	900	868	849
598	653.12759	1399	1163	1046	1314	948	890	903	811	912	907	877	849
599	653.68405	1374	1151	1049	1315	955	886	885	811	920	886	859	840
600	654.24052	1367	1145	1061	1317	939	870	893	823	907	889	863	848
601	654.79701	1359	1162	1037	1295	960	872	892	813	892	890	874	856
602	655.35352	1326	1147	1035	1279	951	883	887	809	891	900	865	853
603	655.91005	1343	1125	1042	1282	963	871	907	828	890	895	853	850
604	656.4666	1305	1114	1015	1303	956	848	894	824	904	894	864	848
605	657.02316	1315	1135	1026	1268	951	867	884	809	906	895	870	836
606	657.57975	1311	1103	1025	1267	936	849	891	817	893	894	848	851
607	658.13635	1322	1124	1011	1245	942	874	881	832	888	876	864	861
608	658.69297	1317	1099	1017	1236	941	852	884	801	899	880	872	849
609	659.2496	1282	1115	1012	1261	940	856	879	809	886	892	867	833
610	659.80626	1320	1109	1007	1240	933	849	879	814	891	876	846	845
611	660.36293	1243	1104	987	1251	944	850	886	811	888	889	846	831
612	660.91962	1246	1107	998	1224	912	857	875	821	890	871	855	831
613	661.47633	1272	1123	1037	1216	931	851	870	818	895	868	849	836
614	662.03306	1254	1078	994	1226	906	851	875	810	900	884	850	831
615	662.5898	1246	1097	977	1174	913	856	878	823	898	887	854	824
616	663.14657	1253	1083	990	1184	923	845	858	810	875	868	867	820
617	663.70335	1236	1070	982	1227	925	835	868	811	895	884	835	829
618	664.26015	1229	1071	985	1186	914	848	871	807	891	868	841	829
619	664.81697	1230	1049	965	1157	913	862	861	815	868	885	851	841
620	665.3738	1240	1076	954	1207	932	861	867	792	874	880	837	844
621	665.93066	1228	1074	976	1156	923	845	853	804	889	877	834	838
622	666.48753	1210	1065	970	1180	925	841	862	808	871	873	853	841
623	667.04442	1170	1041	973	1176	913	844	867	811	880	877	854	833
624	667.60133	1184	1060	972	1196	906	844	867	810	877	863	857	835
625	668.15825	1187	1011	978	1156	929	833	858	805	864	864	843	830
626	668.7152	1224	1069	970	1144	916	840	853	815	878	855	823	832
627	669.27216	1163	1047	969	1178	901	835	852	804	863	887	842	834
628	669.82914	1189	1022	975	1145	910	853	849	795	862	873	851	837
629	670.38614	1186	1038	952	1144	913	851	856	819	870	870	832	817
630	670.94316	1170	1027	937	1131	894	832	830	792	860	860	845	834
631	671.50019	1164	1028	930	1113	902	833	841	805	861	856	835	820
632	672.05724	1171	991	957	1124	899	837	866	805	849	848	842	822
633	672.61431	1152	1024	960	1115	901	834	838	804	880	841	835	831
634	673.1714	1165	998	952	1099	884	826	843	802	840	857	845	833
635	673.72851	1162	992	931	1127	887	827	860	794	860	847	855	818
636	674.28564	1150	1008	965	1084	902	841	855	804	871	846	839	827
637	674.84278	1136	1009	954	1103	889	827	843	801	868	851	843	825
638	675.39994	1111	1006	937	1116	888	843	840	788	855	853	833	830
639	675.95712	1141	1009	925	1091	896	832	848	799	842	865	833	825
640	676.51432	1117	998	928	1076	882	811	838	811	849	846	843	815
641	677.07153	1131	982	921	1103	873	820	832	808	860	849	829	826
642	677.62877	1095	974	932	1101	874	836	838	806	848	839	833	827
643	678.18602	1096	989	918	1077	879	834	845	803	858	839	843	823
644	678.74329	1103	979	941	1075	894	834	836	800	854	856	829	820
645	679.30058	1127	999	927	1079	869	823	833	807	851	846	831	817
646	679.85788	1089	987	920	1065	892	829	826	814	839	837	816	822
647	680.41521	1097	979	910	1062	863	832	847	807	837	839	829	805
648	680.97255	1099	979	910	1051	874	827	842	800	833	844	823	826
649	681.52991	1077	977	924	1045	895	821	831	804	839	851	835	809
650	682.08729	1080	976	926	1048	878	830	822	792	844	828	813	823
651	682.64468	1091	988	916	1020	888	826	829	807	843	828	840	816
652	683.2021	1061	972	898	1044	865	816	833	805	848	839	824	817
653	683.75953	1066	963	898	1033	877	819	827	799	835	837	826	812
654	684.31698	1066	951	919	1024	883	815	835	798	836	827	828	813
655	684.87445	1056	947	902	1028	862	817	833	787	828	832	826	801
656	685.43194	1096	949	884	1032	873	835	826	806	839	831	827	824
657	685.98944	1046	952	905	1009	850	823	819	795	837	832	816	807
658	686.54696	1067	968	897	1009	867	836	833	790	834	835	822	804
659	687.1045	1051	954	896	1037	875	820	833	795	832	840	829	803
660	687.66206	1040	957	920	1010	864	816	817	800	843	848	831	817
661	688.21964	1050	959	895	1006	838	816	823	796	829	825	816	824
662	688.77724	1059	943	899	1015	847	821	828	791	830	841	811	808
663	689.33485	1053	935	892	1008	856	812	826	798	823	823	811	800
664	689.89248	1042	920	880	992	854	815	827	785	833	840	829	825
665	690.45013	1028	937	907	1003	860	822	827	796	834	819	829	812
666	691.0078	1036	939	884	1007	863	823	833	790	839	837	816	817
667	691.56548	1009	923	876	1001	853	816	814	780	844	844	823	805
668	692.12319	1042	929	893	999	838	815	815	792	823	826	818	803
669	692.68091	1007	929	889	981	851	815	825	796	842	832	819	804
670	693.23865	1027	933	895	995	845	821	833	800	825	836	810	821
671	693.79641	1025	933	886	972	851	812	822	800	836	817	816	815
672	694.35418	1018	957	887	982	861	800	813	795	829	844	814	816
673	694.91198	993	913	896	982	856	804	819	792	820	830	830	816
674	695.46979	1012	928	894	979	849	801	821	779	824	823	803	814
675	696.02762	1003	926	885	951	839	809	825	792	837	847	823	830
676	696.58547	1032	928	875	971	854	824	820	797	845	848	834	828
677	697.14333	1033	919	884	953	849	820	830	782	821	825	810	807
678	697.70122	1004	920	887	987	853	808	825	792	823	818	810	814
679	698.25912	980	912	889	972	854	808	804	808	822	833	810	821
680	698.81704	976	921	880	964	875	816	825	794	837	823	820	807
681	699.37498	992	918	875	968	849	815	821	782	828	828	813	818
682	699.93294	999	924	872	968	848	823	825	799	831	818	820	814
683	700.49091	1008	920	873	947	841	812	816	784	817	831	823	818
684	701.0489	969	901	882	946	849	834	818	798	821	834	821	823
685	701.60691	969	919	882	972	833	817	803	799	832	812	814	818
686	702.16494	991	910	875	956	853	816	825	787	822	817	804	813
687	702.72299	999	920	863	966	841	824	827	800	831	829	824	812
688	703.28106	982	915	882	950	853	830	813	785	817	823	829	799
689	703.83914	992	919	876	950	840	806	816	793	816	836	823	813
690	704.39724	986	895	852	968	832	815	814	805	817	822	824	814
691	704.95536	987	898	872	928	843	820	818	811	842	824	833	835
692	705.5135	972	916	865	949	831	816	834	789	824	830	824	814
693	706.07165	951	908	868	938	844	804	812	787	815	821	818	807
694	706.62983	965	884	866	935	841	812	828	783	829	830	839	825
695	707.18802	971	884	859	921	847	812	823	799	828	827	817	816
696	707.74623	949	891	865	945	834	820	806	787	807	837	819	827
697	708.30446	958	876	879	954	847	804	812	792	818	817	824	822
698	708.8627	966	899	861	907	828	825	819	791	820	832	829	810
699	709.42097	968	911	855	907	834	808	809	798	824	835	809	825
700	709.97925	979	890	857	931	816	814	814	783	809	824	818	828
701	710.53755	960	891	862	939	835	811	818	789	812	827	804	824
702	711.09587	943	899	850	916	833	807	819	798	819	831	808	805
703	711.6542	963	891	867	919	856	805	801	808	820	835	812	821
704	712.21256	956	889	867	926	837	810	808	796	816	817	807	808
705	712.77093	952	898	868	913	829	811	813	784	809	821	818	802
706	713.32932	945	882	851	904	843	815	806	800	808	828	799	803
707	713.88773	946	895	849	918	835	804	808	795	814	829	802	805
708	714.44616	939	877	841	925	831	807	809	792	809	816	808	806
709	715.0046	930	883	857	912	831	800	811	790	821	807	802	805
710	715.56307	923	880	838	911	829	805	813	797	821	815	809	814
711	716.12155	949	899	871	933	845	799	821	786	805	811	805	795
712	716.68005	938	877	833	903	822	797	815	792	801	813	807	795
713	717.23856	951	873	836	899	838	812	817	785	809	823	801	792
714	717.7971	932	877	839	911	832	807	817	783	812	819	805	792
715	718.35565	936	886	850	913	823	806	809	790	802	820	813	799
716	718.91422	924	891	829	907	823	805	807	797	798	813	801	811
717	719.47281	917	876	847	908	818	807	800	789	804	810	794	812
718	720.03142	931	877	847	902	822	810	804	779	803	806	810	805
719	720.59005	935	874	853	907	825	805	807	803	819	832	813	797
720	721.14869	930	868	855	913	833	803	805	796	814	817	806	808
721	721.70735	929	888	854	895	826	808	802	789	798	816	812	806
722	722.26603	922	891	846	913	835	808	797	795	805	803	799	817
723	722.82473	919	862	853	886	818	809	807	786	813	821	799	807
724	723.38345	929	891	847	907	828	805	800	782	815	819	801	809
725	723.94218	914	857	842	895	806	804	799	797	808	817	809	811
726	724.50093	921	873	853	889	831	789	798	781	810	803	801	810
727	725.0597	936	870	850	886	821	799	806	796	814	816	820	799
728	725.61849	911	859	846	879	822	799	802	783	819	804	815	809
729	726.1773	906	864	841	893	829	799	800	792	813	797	797	809
730	726.73612	916	867	828	889	818	803	805	792	810	810	799	803
731	727.29496	923	868	851	880	812	797	811	787	802	802	798	806
732	727.85382	913	871	838	888	825	804	792	789	805	807	821	807
733	728.4127	921	864	855	887	824	798	794	794	801	819	805	797
734	728.9716	903	848	846	888	823	808	797	786	798	806	808	806
735	729.53052	905	864	833	883	830	793	803	782	798	821	811	810
736	730.08945	913	876	850	878	812	794	796	798	805	820	791	806
737	730.6484	895	864	830	876	826	797	804	790	801	815	799	806
738	731.20737	912	879	841	882	810	785	797	779	807	812	818	810
739	731.76636	914	853	823	881	823	794	802	789	811	812	802	802
740	732.32536	910	856	835	871	823	806	803	780	801	803	801	799
741	732.88439	901	864	833	875	819	793	804	790	805	808	807	796
742	733.44343	907	860	841	882	817	807	803	791	807	821	803	796
743	734.00249	887	863	834	888	818	790	797	780	805	811	801	785
744	734.56156	891	861	840	877	817	799	793	785	798	788	794	791
745	735.12066	905	857	812	865	821	784	792	784	802	812	793	789
746	735.67977	891	851	838	875	809	794	794	787	803	799	803	791
747	736.23891	904	846	822	885	815	788	800	792	803	800	805	792
748	736.79806	897	850	826	878	814	798	795	784	818	801	798	782
749	737.35722	891	848	818	865	817	788	799	778	796	805	802	793
750	737.91641	884	844	827	874	811	791	789	779	790	801	775	795
751	738.47561	887	848	838	869	814	791	795	786	799	801	803	798
752	739.03484	913	854	824	871	810	802	802	790	801	803	791	795
753	739.59408	885	843	826	859	812	800	799	772	796	812	787	788
754	740.15334	896	855	814	847	811	806	794	780	801	806	787	787
755	740.71261	895	847	815	871	813	797	794	774	803	809	782	796
756	741.27191	890	844	819	852	817	787	803	775	795	810	797	801
757	741.83122	891	839	822	858	817	783	803	780	790	797	799	791
758	742.39055	879	838	818	867	818	790	799	782	799	809	779	796
759	742.9499	885	853	823	864	807	784	801	782	794	813	800	803
760	743.50927	876	856	827	869	814	795	792	772	792	800	799	791
761	744.06865	891	854	819	857	814	779	789	782	799	802	785	798
762	744.62805	869	861	830	863	799	796	800	780	799	805	799	787
763	745.18747	902	833	835	857	815	799	804	777	791	796	782	802
764	745.74691	887	855	828	862	801	782	792	783	794	794	795	789
765	746.30637	877	842	816	850	803	804	790	775	797	807	799	788
766	746.86585	868	846	826	859	805	786	795	775	790	794	797	791
767	747.42534	896	827	816	853	808	795	810	791	796	799	791	790
768	747.98485	876	826	809	868	807	790	800	780	801	792	791	792
769	748.54438	875	830	818	839	813	783	799	790	791	800	794	786
770	749.10393	867	831	818	857	805	789	791	782	797	798	786	792
771	749.6635	866	827	816	855	816	788	799	781	794	790	783	794
772	750.22308	899	824	830	853	815	801	792	781	791	804	795	801
773	750.78268	882	840	822	846	809	791	795	781	794	799	808	798
774	751.3423	871	834	811	845	803	792	783	782	790	785	792	792
775	751.90194	870	833	817	839	800	780	791	786	795	788	797	786
776	752.4616	869	830	822	861	804	791	803	775	791	794	793	783
777	753.02127	867	835	808	836	805	789	783	775	799	797	793	785
778	753.58096	869	832	816	825	803	779	789	776	791	803	786	789
779	754.14067	854	840	819	847	807	791	789	780	794	801	787	801
780	754.7004	878	830	823	850	798	784	793	779	797	796	793	797
781	755.26015	870	830	819	851	798	791	791	777	786	800	790	787
782	755.81991	868	829	805	831	796	787	786	772	775	790	781	789
783	756.37969	863	827	810	844	808	776	791	770	785	802	791	794
784	756.9395	880	827	816	839	803	782	792	779	802	793	788	783
785	757.49931	864	826	812	828	800	780	784	782	787	791	798	790
786	758.05915	879	843	807	838	791	780	787	778	786	792	790	790
787	758.61901	856	837	806	848	807	776	784	785	783	785	780	783
788	759.17888	851	842	814	841	795	782	790	776	789	800	786	793
789	759.73877	845	832	812	838	805	781	781	783	790	802	771	777
790	760.29868	849	828	794	838	785	784	781	772	784	792	779	787
791	760.85861	855	841	809	848	803	787	791	772	801	789	775	779
792	761.41855	857	842	808	845	799	780	786	778	795	780	789	787
793	761.97852	850	831	813	842	794	781	779	770	791	788	785	786
794	762.5385	837	826	810	841	802	784	799	782	787	799	796	783
795	763.0985	860	834	807	840	790	789	781	780	771	805	780	775
796	763.65852	868	819	796	833	787	783	783	772	783	796	788	786
797	764.21855	855	824	815	840	790	787	788	770	786	807	779	770
798	764.77861	855	814	800	838	801	779	786	781	784	798	776	783
799	765.33868	845	832	803	843	795	787	785	770	791	792	787	782
800	765.89877	854	814	799	832	788	784	782	773	776	785	795	769
801	766.45888	846	815	808	830	794	793	786	766	783	793	781	782
802	767.019	845	826	817	827	799	777	775	772	788	806	780	780
803	767.57915	844	835	807	833	787	772	788	781	780	788	784	777
804	768.13931	860	818	807	834	789	777	787	785	788	787	775	773
805	768.69949	844	819	802	838	790	785	767	771	773	792	787	773
806	769.25969	858	827	810	826	798	769	780	768	791	780	780	791
807	769.8199	854	813	805	830	797	775	784	767	778	787	787	780
808	770.38014	848	832	804	826	790	782	769	771	790	788	784	778
809	770.94039	851	826	814	827	794	779	778	767	788	778	790	776
810	771.50066	835	815	794	831	793	766	779	771	779	795	779	772
811	772.06095	846	824	802	829	800	780	781	764	796	780	783	776
812	772.62126	853	805	798	831	794	783	790	778	786	785	787	779
813	773.18158	845	818	809	817	801	774	779	771	778	781	778	775
814	773.74193	841	824	800	821	787	779	784	775	775	788	772	776
815	774.30229	849	824	797	827	792	771	778	762	775	779	777	767
816	774.86267	839	819	790	819	800	779	786	768	776	784	787	784
817	775.42307	848	821	810	808	785	779	781	769	782	785	776	769
818	775.98348	838	818	808	831	784	777	787	771	792	781	780	772
819	776.54392	838	809	803	815	793	776	788	778	789	781	795	776
820	777.10437	830	813	803	828	789	781	777	767	775	783	770	777
821	777.66484	829	818	806	826	780	779	765	765	783	774	769	765
822	778.22532	839	810	799	819	776	768	776	764	771	780	779	770
823	778.78583	845	818	797	808	791	774	778	767	781	787	788	783
824	779.34635	841	800	801	805	783	770	771	759	786	792	780	767
825	779.9069	830	807	797	826	785	781	775	770	776	778	776	777
826	780.46746	842	811	794	822	784	771	774	766	774	782	783	772
827	781.02803	849	812	796	814	792	775	779	776	777	787	780	768
828	781.58863	836	807	799	824	788	771	779	768	778	770	778	766
829	782.14925	841	802	791	815	783	772	770	771	774	775	767	769
830	782.70988	830	806	798	808	779	770	775	764	780	777	770	771
831	783.27053	818	813	793	801	780	776	784	770	767	773	771	766
832	783.8312	820	803	794	819	769	780	782	771	772	779	779	772
833	784.39188	834	807	795	824	789	774	771	770	764	778	773	780
834	784.95259	838	809	791	820	791	767	767	760	775	779	777	776
835	785.51331	824	810	785	811	784	775	769	774	781	777	776	770
836	786.07405	820	810	798	803	777	774	773	776	779	771	777	784
837	786.63481	825	797	804	815	784	764	774	767	766	782	769	770
838	787.19559	833	810	794	812	783	768	775	759	778	776	775	768
839	787.75638	832	791	786	815	787	769	782	765	767	782	772	766
840	788.3172	826	811	808	814	786	765	773	774	771	776	773	783
841	788.87803	827	786	789	796	791	774	765	768	767	781	773	773
842	789.43888	830	795	785	802	775	756	773	767	770	779	781	769
843	789.99975	826	810	778	805	793	764	772	767	776	777	776	763
844	790.56063	823	801	792	801	788	775	764	770	769	774	777	768
845	791.12153	818	805	800	801	774	775	770	767	768	771	772	757
846	791.68246	835	805	783	801	789	773	775	760	776	781	767	771
847	792.2434	819	808	796	801	786	767	768	762	773	774	779	763
848	792.80435	825	810	780	819	785	769	782	767	776	779	779	769
849	793.36533	815	808	785	801	796	766	770	772	772	781	774	769
850	793.92632	827	828	786	807	776	774	771	763	773	782	781	760
851	794.48734	823	802	779	804	782	768	769	765	780	780	774	767
852	795.04837	823	807	791	801	787	769	779	753	773	767	775	769
853	795.60941	843	800	785	819	771	765	772	761	778	772	764	761
854	796.17048	833	820	793	811	769	773	767	765	757	774	775	775
855	796.73157	822	804	784	810	780	769	771	763	767	767	777	762
856	797.29267	828	802	786	817	778	771	777	766	767	759	772	769
857	797.85379	833	790	781	811	776	763	767	765	767	775	767	763
858	798.41493	831	801	790	804	780	767	773	773	763	766	764	764
859	798.97608	833	805	780	813	777	775	772	765	772	772	766	770
860	799.53726	816	797	786	816	772	775	776	765	765	771	769	768
861	800.09845	826	795	785	809	771	769	757	758	774	776	764	774
862	800.65966	824	790	786	793	787	781	768	759	770	782	766	770
863	801.22089	804	796	790	789	781	764	776	759	771	781	766	767
864	801.78214	832	795	776	816	779	767	768	767	770	782	774	769
865	802.3434	823	800	776	795	786	767	763	765	771	772	772	770
866	802.90469	823	810	785	810	778	766	769	760	760	764	767	767
867	803.46599	829	798	788	795	767	769	771	758	768	783	764	767
868	804.02731	824	800	788	800	771	773	772	767	771	770	769	763
869	804.58865	813	797	781	805	770	763	758	763	777	770	772	763
870	805.15	823	795	789	800	779	768	767	760	771	774	772	751
871	805.71138	830	811	798	804	774	761	767	762	772	766	763	764
872	806.27277	832	801	792	811	783	767	772	766	772	768	769	756
873	806.83418	820	803	785	804	775	768	772	758	771	771	779	751
874	807.39561	820	803	782	795	775	767	774	757	769	786	765	763
875	807.95705	825	803	783	800	781	779	764	776	769	768	769	769
876	808.51852	831	804	786	807	772	772	771	763	760	767	774	767
877	809.08	821	803	777	794	779	765	762	762	769	780	760	765
878	809.6415	835	801	776	798	783	757	769	755	765	768	774	775
879	810.20302	823	797	790	798	775	768	771	765	773	769	776	767
880	810.76455	832	801	788	805	772	771	772	759	772	778	763	764
881	811.32611	819	784	770	819	781	759	767	755	766	770	764	772
882	811.88768	822	797	776	811	780	761	764	764	779	777	771	767
883	812.44927	826	797	775	815	778	769	769	766	767	776	766	767
884	813.01088	825	794	794	809	771	763	771	760	779	770	772	768
885	813.57251	824	797	788	820	777	772	775	764	770	770	766	763
886	814.13415	815	797	774	805	775	766	769	758	769	767	773	762
887	814.69581	824	798	789	810	775	767	760	768	768	779	767	763
888	815.2575	823	809	789	801	779	766	771	761	761	770	767	771
889	815.81919	830	796	781	807	778	766	765	768	771	777	763	760
890	816.38091	839	807	800	811	776	769	769	764	761	781	764	764
891	816.94265	831	812	778	800	791	774	767	762	768	776	767	764
892	817.5044	819	802	784	810	778	762	766	751	773	762	771	769
893	818.06617	828	805	777	815	770	765	774	757	763	773	777	767
894	818.62796	842	811	780	805	785	767	771	756	768	771	766	759
895	819.18977	822	794	789	793	769	768	772	761	767	765	766	766
896	819.75159	835	806	786	816	784	771	770	763	768	779	767	769
897	820.31344	833	812	793	811	779	764	765	759	762	771	758	761
898	820.8753	819	800	784	807	796	763	766	761	770	767	766	762
899	821.43718	834	812	779	803	780	775	770	764	758	766	769	764
900	821.99908	839	805	791	815	777	768	764	762	772	773	758	759
901	822.56099	833	812	786	809	773	771	770	757	767	770	774	761
902	823.12293	832	809	785	810	782	758	775	760	771	782	763	761
903	823.68488	822	820	798	808	780	762	766	755	761	776	764	765
904	824.24685	848	812	788	812	785	768	765	765	767	768	774	764
905	824.80884	838	806	784	808	778	760	772	756	768	764	770	764
906	825.37085	838	813	787	831	779	779	775	761	772	773	769	764
907	825.93287	870	813	792	820	787	766	775	763	774	782	759	760
908	826.49491	838	817	796	816	775	767	775	764	768	773	765	768
909	827.05697	849	821	795	816	773	773	767	761	772	769	768	761
910	827.61905	850	811	792	812	778	769	771	753	776	787	775	772
911	828.18115	853	812	808	826	782	764	780	758	775	787	761	767
912	828.74326	857	812	795	821	782	772	772	758	776	781	770	763
913	829.3054	864	818	795	831	791	764	759	768	772	772	771	765
914	829.86755	864	827	801	834	780	769	783	765	775	787	771	766
915	830.42972	874	825	792	824	787	777	779	764	767	783	768	762
916	830.9919	858	822	789	825	787	768	777	752	767	778	769	770
917	831.55411	863	831	805	836	790	767	774	755	779	773	776	768
918	832.11633	863	831	791	843	799	760	771	764	769	776	778	767
919	832.67858	864	821	792	844	795	772	772	765	781	776	773	771
920	833.24083	869	832	806	842	780	780	774	767	772	778	774	765
921	833.80311	872	830	810	840	791	772	786	762	777	779	782	770
922	834.36541	869	840	815	841	782	771	773	765	767	781	777	761
923	834.92772	872	823	814	851	805	763	779	765	782	783	768	757
924	835.49005	873	845	807	849	796	766	782	762	770	785	770	764
925	836.0524	887	824	815	840	795	772	778	758	768	786	780	775
926	836.61477	890	837	804	850	802	777	775	758	783	772	772	767
927	837.17716	891	852	810	851	791	770	777	760	786	793	780	767
928	837.73956	883	846	812	865	802	782	779	753	783	788	770	771
929	838.30198	898	851	807	861	803	773	772	770	770	784	777	770
930	838.86443	901	851	836	861	805	787	784	767	777	789	769	775
931	839.42688	887	857	809	856	799	782	777	771	780	781	772	767
932	839.98936	912	861	826	862	800	776	779	757	779	783	777	774
933	840.55185	903	859	820	874	797	780	776	768	785	793	775	770
934	841.11437	914	853	820	874	807	780	802	761	795	793	775	767
935	841.6769	930	857	817	881	799	787	781	764	789	791	776	778
936	842.23945	920	847	832	879	798	791	783	763	785	786	784	773
937	842.80201	922	875	819	877	801	767	782	773	787	790	782	768
938	843.3646	944	858	822	889	816	789	779	760	786	784	791	774
939	843.9272	918	878	833	890	803	793	796	768	793	791	791	784
940	844.48982	961	894	832	888	815	774	795	782	794	795	783	785
941	845.05246	938	873	846	892	810	782	777	764	786	798	782	775
942	845.61512	947	886	830	902	820	779	793	763	804	791	796	770
943	846.1778	955	893	849	921	816	776	803	764	791	795	791	781
944	846.74049	979	877	827	922	829	786	790	769	792	790	784	767
945	847.3032	974	904	841	931	806	788	797	767	791	795	783	771
946	847.86593	958	909	852	925	832	790	796	767	780	806	782	776
947	848.42868	968	899	852	938	827	794	788	767	801	792	786	781
948	848.99144	985	915	849	935	810	786	793	770	792	792	791	780
949	849.55423	987	903	844	932	824	797	794	773	815	792	794	780
950	850.11703	977	895	853	939	827	791	793	767	787	802	793	780
951	850.67985	1002	920	868	941	830	788	818	772	803	798	787	777
952	851.24269	1007	909	865	954	845	771	809	777	799	801	801	785
953	851.80554	992	906	865	965	837	800	808	771	808	809	795	791
954	852.36842	1016	907	869	952	846	786	801	771	794	810	792	780
955	852.93131	1038	917	859	955	832	792	810	768	813	810	794	792
956	853.49422	1033	926	886	989	834	795	807	774	806	808	807	782
957	854.05715	1036	928	879	981	844	804	798	784	809	814	807	781
958	854.6201	1056	930	875	996	850	791	805	773	814	816	793	782
959	855.18306	1068	948	890	993	856	799	816	773	812	817	791	789
960	855.74604	1046	949	891	988	844	807	811	768	826	812	812	784
961	856.30904	1056	953	887	1002	844	791	805	781	821	809	804	787
962	856.87206	1076	942	880	990	858	806	815	779	806	832	791	791
963	857.4351	1092	970	885	1012	860	801	805	774	815	811	801	799
964	857.99816	1085	973	904	995	852	810	812	777	811	818	810	796
965	858.56123	1096	990	901	1013	871	809	803	770	825	822	811	794
966	859.12432	1095	976	898	1042	858	809	812	763	820	827	801	780
967	859.68743	1101	979	912	1054	857	814	827	780	824	818	808	798
968	860.25056	1068	984	925	1042	874	809	826	771	828	826	808	795
969	860.8137	1120	983	923	1057	863	811	825	775	837	821	803	796
970	861.37687	1131	1001	920	1062	870	822	836	780	832	815	811	789
971	861.94005	1119	982	919	1068	879	801	835	770	824	833	809	808
972	862.50325	1155	985	931	1047	880	808	831	774	833	838	807	804
973	863.06646	1162	1020	936	1070	890	822	820	779	826	836	813	797
974	863.6297	1118	998	930	1057	886	812	830	782	821	840	810	802
975	864.19295	1147	1043	922	1094	900	824	846	779	828	845	807	806
976	864.75623	1183	1016	927	1076	889	813	829	786	820	840	814	808
977	865.31952	1174	1036	958	1093	887	824	833	774	843	847	815	797
978	865.88282	1186	1051	935	1084	885	814	840	777	840	835	820	800
979	866.44615	1184	1046	936	1092	908	824	830	781	847	833	806	807
980	867.0095	1228	1042	931	1127	888	818	844	781	838	846	823	807
981	867.57286	1220	1043	961	1119	904	827	830	767	836	840	821	810
982	868.13624	1228	1049	960	1127	907	827	839	788	835	849	824	805
983	868.69964	1232	1062	969	1108	904	830	849	787	843	850	823	804
984	869.26305	1225	1060	946	1119	907	819	848	792	842	860	828	805
985	869.82649	1229	1066	972	1125	925	826	843	781	858	859	820	812
986	870.38994	1264	1065	978	1163	905	825	836	775	845	859	828	814
987	870.95341	1255	1093	965	1163	897	833	849	785	860	859	822	813
988	871.5169	1236	1102	978	1158	923	837	856	787	852	871	828	807
989	872.08041	1266	1079	970	1144	925	848	849	794	853	858	843	821
990	872.64393	1273	1104	981	1161	917	834	856	789	857	852	831	823
991	873.20748	1325	1094	990	1160	912	840	845	787	855	869	832	820
992	873.77104	1284	1120	969	1172	931	855	851	795	852	869	832	819
993	874.33462	1286	1112	999	1191	928	840	841	784	878	866	831	814
994	874.89821	1349	1123	996	1186	919	839	857	789	858	868	836	816
995	875.46183	1304	1127	1011	1203	944	841	857	804	866	868	839	819
996	876.02546	1326	1121	1011	1206	951	834	865	791	869	866	826	826
997	876.58912	1324	1119	998	1217	950	848	853	791	876	883	840	807
998	877.15278	1316	1148	1017	1203	930	852	863	792	858	883	834	811
999	877.71647	1339	1140	1007	1219	907	848	857	791	880	885	843	821
1000	878.28018	1350	1135	1024	1233	941	830	878	801	878	866	856	816
1001	878.8439	1350	1135	1004	1260	930	854	859	791	873	903	838	820
1002	879.40764	1378	1174	1011	1235	937	844	868	791	889	885	832	827
1003	879.9714	1373	1119	1026	1231	935	859	869	794	878	869	848	826
1004	880.53518	1365	1128	1035	1246	935	852	887	792	884	880	834	824
1005	881.09898	1391	1179	1015	1255	953	859	886	788	852	881	850	835
1006	881.66279	1426	1146	1046	1266	952	851	871	792	882	904	851	825
1007	882.22663	1425	1165	1035	1250	958	839	880	804	890	872	845	841
1008	882.79048	1400	1205	1063	1258	967	859	878	795	889	884	842	824
1009	883.35435	1421	1169	1048	1275	957	869	883	799	867	874	855	838
1010	883.91823	1428	1194	1062	1255	971	855	869	789	881	896	860	831
1011	884.48214	1433	1201	1056	1269	984	851	881	805	902	893	848	833
1012	885.04606	1428	1183	1063	1271	972	863	891	792	902	887	860	836
1013	885.61	1435	1206	1060	1265	967	851	896	800	887	889	862	835
1014	886.17396	1431	1205	1053	1316	972	863	878	787	899	894	862	837
1015	886.73794	1484	1224	1064	1307	968	865	876	809	904	894	855	839
1016	887.30193	1466	1190	1072	1297	987	855	895	815	893	906	858	859
1017	887.86595	1463	1210	1085	1334	977	864	897	803	869	885	859	832
1018	888.42998	1461	1233	1089	1294	967	879	897	800	879	888	858	834
1019	888.99403	1471	1217	1088	1305	968	874	908	795	898	913	857	840
1020	889.55809	1451	1227	1066	1329	957	876	896	807	893	918	862	835
1021	890.12218	1506	1226	1095	1349	980	878	890	797	904	880	863	841
1022	890.68628	1513	1225	1098	1319	984	859	890	798	900	894	854	850
1023	891.2504	1501	1227	1091	1310	969	874	886	805	886	935	858	854
1024	891.81454	1490	1218	1075	1332	987	864	899	799	915	890	859	829