	V1	V2	V3	V4	V5	V6	V7	V8	V9	V10	V11	V12	V13	V14	V15
1	324.1504	939	885	868	846	811	821	792	763	770	790	767	760	771	764
2	324.69607	901	899	856	841	799	816	786	765	773	777	778	769	766	764
3	325.24175	929	885	857	837	820	827	783	763	774	791	768	758	765	765
4	325.78745	925	900	858	828	819	814	783	760	767	791	767	767	752	748
5	326.33316	925	897	870	833	803	834	794	756	773	778	768	759	765	756
6	326.8789	914	898	851	827	818	818	787	763	760	782	769	768	764	767
7	327.42465	946	899	863	833	806	828	785	767	779	769	771	764	762	749
8	327.97042	928	888	852	841	802	813	786	761	765	773	770	772	764	762
9	328.51621	929	901	863	835	807	824	784	762	760	773	767	767	768	761
10	329.06202	934	891	848	845	814	822	795	759	763	776	780	768	756	759
11	329.60785	935	899	863	832	805	839	784	767	763	778	777	769	769	756
12	330.15369	912	903	855	849	799	833	801	762	772	771	771	767	766	760
13	330.69955	946	895	865	830	826	825	795	773	769	788	773	765	759	759
14	331.24543	927	884	864	840	811	813	784	770	773	789	777	765	762	765
15	331.79133	937	897	863	831	819	811	789	767	767	773	761	765	764	762
16	332.33725	940	896	862	853	806	830	788	767	758	777	772	766	767	764
17	332.88318	933	903	859	819	812	818	782	764	755	779	774	779	765	759
18	333.42913	925	891	855	834	817	823	795	766	771	788	771	764	760	766
19	333.9751	935	892	865	850	806	827	792	773	774	781	768	765	773	753
20	334.52109	942	903	867	846	805	824	795	773	770	789	773	771	766	767
21	335.0671	928	930	863	837	819	820	792	771	772	787	779	771	763	758
22	335.61312	946	914	854	840	813	826	806	758	767	781	777	766	762	768
23	336.15917	958	904	857	846	813	814	787	767	780	788	773	762	760	758
24	336.70523	948	893	871	829	814	808	800	766	774	775	771	768	761	769
25	337.2513	947	898	878	848	816	830	789	759	773	787	771	764	763	751
26	337.7974	940	911	870	846	813	824	800	769	766	782	778	774	764	767
27	338.34352	925	908	863	837	821	819	798	774	771	778	766	770	763	762
28	338.88965	952	895	867	837	827	833	784	764	764	788	775	771	767	763
29	339.4358	928	902	866	839	805	826	791	768	765	782	774	776	768	758
30	339.98197	966	898	872	845	822	829	799	762	780	787	775	763	769	775
31	340.52816	956	891	863	836	804	830	789	776	769	789	776	767	763	763
32	341.07436	951	896	863	837	807	831	794	764	782	792	765	772	755	765
33	341.62059	939	891	873	856	816	820	810	773	761	790	777	762	765	767
34	342.16683	956	911	888	853	812	826	798	755	767	801	771	767	778	773
35	342.71309	966	911	864	848	825	825	802	763	761	790	767	778	769	759
36	343.25936	936	907	873	837	823	816	803	765	766	783	773	766	767	759
37	343.80566	944	890	870	839	814	822	794	775	768	778	772	771	768	761
38	344.35197	946	928	875	847	829	832	798	775	766	791	774	770	768	770
39	344.89831	950	901	884	843	825	827	805	766	774	784	768	765	767	756
40	345.44466	961	912	879	854	814	835	798	767	774	796	773	779	765	764
41	345.99102	954	894	884	847	815	840	800	776	768	793	776	772	768	763
42	346.53741	945	912	863	842	813	837	799	769	781	789	769	784	770	768
43	347.08381	947	912	879	837	824	827	785	764	767	785	775	769	772	767
44	347.63024	944	916	872	846	822	831	801	765	765	798	772	774	764	763
45	348.17668	955	917	878	851	811	839	798	774	769	790	786	774	757	766
46	348.72314	952	921	885	846	822	816	798	768	785	780	774	774	771	765
47	349.26961	963	896	879	844	814	837	797	775	778	795	781	768	766	763
48	349.81611	941	910	875	849	815	831	802	772	764	774	767	762	763	768
49	350.36262	974	921	869	869	808	828	796	777	769	790	789	776	763	771
50	350.90915	973	913	884	857	818	828	800	770	787	793	775	769	762	757
51	351.4557	945	923	869	853	816	817	790	775	767	790	781	767	763	769
52	352.00227	963	926	872	871	809	824	817	774	785	785	780	770	765	777
53	352.54885	952	919	883	858	816	835	796	772	769	784	781	763	768	768
54	353.09545	959	927	871	849	815	829	795	776	767	795	776	763	766	762
55	353.64208	968	907	878	859	807	840	801	770	778	791	771	783	772	767
56	354.18872	978	907	885	856	829	831	798	781	780	785	773	767	755	769
57	354.73537	964	907	890	853	826	828	799	772	775	790	783	769	767	767
58	355.28205	977	930	892	854	823	839	806	771	768	791	779	782	762	757
59	355.82874	963	928	895	853	811	839	796	779	768	779	785	776	767	767
60	356.37545	976	924	879	865	813	822	813	775	766	798	781	776	767	760
61	356.92218	992	922	872	854	823	840	801	769	775	793	780	782	776	767
62	357.46893	971	942	883	850	831	838	813	770	789	803	782	777	774	761
63	358.0157	987	922	904	855	822	842	804	762	772	784	786	781	773	773
64	358.56248	979	931	872	859	819	836	804	777	779	788	781	779	775	771
65	359.10928	949	940	903	867	817	853	806	766	782	793	780	778	767	777
66	359.6561	982	919	894	874	831	818	809	768	780	804	774	777	771	775
67	360.20294	978	929	900	862	824	839	806	765	770	795	778	791	765	772
68	360.7498	992	936	896	861	840	832	813	781	773	783	772	773	769	764
69	361.29667	968	940	904	873	835	842	820	777	775	794	785	771	774	772
70	361.84356	979	962	894	870	823	857	801	772	771	790	777	765	777	765
71	362.39047	973	943	910	867	832	844	808	770	772	795	787	776	776	762
72	362.9374	1015	932	888	865	827	826	807	780	774	793	787	781	769	773
73	363.48435	998	940	892	863	815	849	814	773	773	799	780	777	778	759
74	364.03131	984	934	890	862	839	843	806	780	769	810	801	775	781	775
75	364.5783	998	916	889	870	826	838	811	776	785	807	777	774	775	767
76	365.1253	984	969	915	877	831	851	810	777	780	789	783	773	767	768
77	365.67232	1004	938	903	877	831	845	804	770	775	801	781	787	788	769
78	366.21935	1009	945	903	892	828	843	813	781	773	799	784	773	770	770
79	366.76641	1019	945	902	859	844	855	813	774	777	786	775	776	773	775
80	367.31348	1020	958	912	868	840	864	820	772	785	797	787	769	771	764
81	367.86057	988	953	895	883	825	857	804	768	782	807	794	779	780	766
82	368.40768	1006	955	918	876	834	843	805	769	779	800	786	769	777	775
83	368.95481	1027	963	907	874	839	854	812	771	778	794	780	781	770	771
84	369.50195	1011	963	900	876	833	865	809	772	782	803	799	775	778	771
85	370.04912	1013	947	892	888	848	851	802	777	773	808	792	777	779	775
86	370.5963	1011	952	901	879	842	868	813	790	778	803	788	775	780	770
87	371.1435	1024	992	915	890	838	864	839	776	781	804	788	778	777	767
88	371.69072	1005	971	911	889	829	874	819	783	787	796	793	783	786	780
89	372.23795	1038	948	911	894	824	860	812	784	770	803	781	779	778	772
90	372.78521	1027	979	918	875	853	859	817	775	782	795	788	774	774	771
91	373.33248	1028	973	946	905	832	839	815	781	785	815	784	782	781	776
92	373.87977	1028	979	927	892	839	868	818	775	780	793	779	782	769	763
93	374.42708	1049	992	933	907	842	862	820	781	788	802	789	774	778	777
94	374.9744	1055	993	934	887	853	869	831	774	780	804	787	781	780	771
95	375.52175	1036	1011	917	904	864	861	824	775	777	817	793	779	778	777
96	376.06911	1044	989	923	893	855	869	832	781	788	813	789	790	791	777
97	376.61649	1032	1000	927	912	859	863	828	777	781	803	789	788	783	776
98	377.16389	1038	980	929	880	851	878	816	777	789	807	786	789	785	773
99	377.71131	1066	990	942	900	853	881	831	772	785	800	797	777	784	777
100	378.25874	1068	999	945	919	853	871	823	783	789	807	795	791	783	783
101	378.80619	1055	999	951	899	857	864	825	789	780	822	790	774	776	773
102	379.35367	1069	992	937	923	857	884	821	787	784	829	795	781	777	769
103	379.90115	1067	1032	956	911	861	871	831	777	796	806	781	799	782	777
104	380.44866	1071	1011	955	911	866	888	831	786	790	812	781	782	786	769
105	380.99619	1130	1012	950	926	863	882	848	787	777	820	786	797	778	778
106	381.54373	1098	1039	952	929	876	869	834	771	789	809	803	787	790	791
107	382.09129	1119	1028	981	910	861	888	846	790	788	816	792	784	787	764
108	382.63887	1112	1017	933	937	878	894	838	783	787	824	799	791	782	778
109	383.18647	1123	1016	972	928	867	903	843	791	786	817	795	793	792	773
110	383.73408	1124	1070	988	935	877	892	850	789	791	827	797	792	785	777
111	384.28172	1134	1040	975	917	855	882	838	792	791	836	800	805	795	779
112	384.82937	1127	1049	986	943	880	895	850	793	797	812	800	788	790	775
113	385.37704	1143	1062	987	933	884	902	854	790	801	836	811	800	787	781
114	385.92473	1168	1065	1003	953	894	900	839	795	793	831	797	794	786	784
115	386.47243	1152	1088	1017	955	895	916	868	791	795	821	817	796	789	779
116	387.02016	1171	1100	999	963	882	899	844	783	794	839	813	808	781	787
117	387.5679	1179	1078	999	962	898	915	854	789	807	821	810	800	789	792
118	388.11566	1178	1099	1009	971	897	922	866	783	802	834	810	801	787	784
119	388.66344	1211	1121	1005	962	898	931	860	782	806	830	813	803	793	786
120	389.21123	1186	1103	1035	974	899	932	875	807	805	827	799	784	781	801
121	389.75905	1223	1110	1015	976	909	934	881	804	801	851	819	799	792	783
122	390.30688	1216	1122	1027	973	904	946	884	807	801	840	815	801	805	780
123	390.85473	1247	1137	1067	992	934	947	873	797	815	836	824	804	801	789
124	391.4026	1229	1175	1070	1001	923	945	888	808	805	852	819	806	807	791
125	391.95049	1237	1157	1062	1021	917	952	904	808	797	857	825	819	800	794
126	392.49839	1264	1174	1088	1031	939	975	870	816	799	850	829	807	803	794
127	393.04631	1292	1171	1116	1029	928	981	895	797	810	853	828	798	802	812
128	393.59425	1338	1234	1116	1035	943	972	895	817	815	864	830	820	815	800
129	394.14221	1364	1239	1130	1050	952	985	903	822	820	869	845	824	804	795
130	394.69019	1395	1249	1152	1083	963	987	913	818	813	875	851	819	809	797
131	395.23819	1401	1264	1163	1085	966	1032	920	828	823	889	838	826	810	817
132	395.7862	1400	1316	1177	1090	974	1024	920	821	826	875	837	832	812	808
133	396.33423	1428	1319	1226	1111	990	1033	932	824	822	886	851	845	816	821
134	396.88228	1459	1343	1245	1106	1001	1051	942	821	820	903	851	837	826	834
135	397.43035	1530	1392	1243	1144	1000	1071	945	826	835	911	849	832	824	820
136	397.97843	1586	1368	1254	1173	1035	1103	970	832	838	926	865	847	841	798
137	398.52654	1614	1433	1286	1197	1042	1084	970	844	843	908	889	850	840	823
138	399.07466	1671	1464	1330	1215	1083	1121	979	835	857	936	864	855	859	838
139	399.6228	1675	1510	1376	1220	1060	1138	1013	854	871	938	907	873	851	842
140	400.17096	1746	1575	1390	1273	1120	1139	1017	845	866	950	903	884	859	854
141	400.71913	1844	1614	1442	1339	1121	1180	1071	877	882	989	904	891	865	866
142	401.26733	1883	1675	1470	1350	1155	1219	1054	888	897	985	933	888	861	856
143	401.81554	2004	1700	1576	1391	1180	1277	1083	885	889	999	925	895	894	868
144	402.36377	2049	1774	1601	1424	1225	1285	1066	892	911	1011	945	908	896	884
145	402.91202	2082	1904	1670	1493	1248	1323	1119	904	914	1045	984	918	907	884
146	403.46028	2260	1911	1746	1500	1293	1324	1166	917	939	1038	981	923	923	908
147	404.00857	2423	2052	1792	1566	1348	1425	1190	922	948	1077	974	943	930	920
148	404.55687	2501	2145	1896	1695	1350	1492	1237	922	953	1101	1020	956	944	923
149	405.10519	2653	2275	1960	1690	1395	1526	1238	939	967	1139	1026	1007	949	940
150	405.65353	2826	2408	2060	1770	1460	1575	1286	955	974	1166	1058	1017	963	942
151	406.20189	2959	2537	2188	1874	1534	1684	1345	974	997	1180	1081	1024	997	973
152	406.75026	3123	2647	2319	1992	1606	1679	1384	989	1007	1227	1110	1047	985	982
153	407.29865	3270	2766	2388	2070	1630	1820	1425	1001	1033	1283	1136	1088	1014	1015
154	407.84707	3557	2957	2582	2163	1726	1862	1453	1038	1078	1327	1166	1106	1057	1021
155	408.39549	3788	3084	2673	2270	1802	1979	1524	1044	1117	1333	1186	1136	1079	1029
156	408.94394	4000	3319	2798	2470	1887	2104	1605	1077	1124	1408	1254	1148	1100	1061
157	409.49241	4239	3476	3021	2537	2022	2241	1697	1112	1125	1480	1275	1186	1134	1110
158	410.04089	4481	3741	3193	2665	2080	2350	1743	1141	1187	1569	1306	1212	1160	1095
159	410.58939	4724	4010	3347	2820	2203	2473	1792	1165	1225	1584	1379	1253	1167	1129
160	411.13791	5182	4235	3600	2963	2261	2601	1824	1202	1260	1669	1416	1327	1225	1172
161	411.68645	5523	4473	3863	3155	2397	2717	1984	1228	1282	1716	1470	1347	1260	1224
162	412.235	5882	4714	4071	3399	2495	2892	2073	1270	1341	1788	1509	1375	1305	1209
163	412.78358	6171	5134	4332	3570	2715	2979	2210	1307	1364	1833	1576	1462	1345	1297
164	413.33217	6666	5378	4568	3810	2815	3175	2304	1342	1441	1951	1597	1480	1381	1336
165	413.88078	7062	5791	4882	3972	2993	3412	2487	1401	1513	2049	1686	1545	1483	1374
166	414.42941	7556	6136	5196	4266	3207	3581	2580	1419	1503	2180	1768	1572	1536	1450
167	414.97805	8056	6698	5553	4465	3293	3788	2715	1508	1558	2251	1856	1718	1522	1456
168	415.52672	8488	7034	5945	4822	3503	3986	2838	1552	1659	2384	1913	1760	1583	1523
169	416.0754	9187	7411	6336	5004	3755	4308	3038	1612	1675	2442	1996	1827	1661	1557
170	416.6241	9664	7891	6719	5337	3956	4538	3176	1683	1800	2599	2119	1863	1708	1650
171	417.17282	10298	8295	7051	5828	4167	4757	3304	1701	1849	2703	2170	1947	1769	1674
172	417.72156	11211	8960	7484	5998	4374	5092	3438	1803	1947	2912	2288	2040	1881	1756
173	418.27031	11662	9431	7846	6437	4636	5374	3658	1852	2028	2966	2380	2114	1987	1837
174	418.81908	12361	9964	8282	6746	4879	5572	3869	1920	2053	3150	2479	2234	2006	1897
175	419.36787	13028	10675	8748	6978	5139	5920	4086	2008	2193	3339	2586	2286	2106	1968
176	419.91668	13821	11148	9350	7553	5416	6362	4257	2073	2253	3385	2687	2408	2190	2043
177	420.46551	15031	11929	9818	7922	5799	6548	4466	2138	2353	3551	2818	2570	2257	2057
178	421.01435	15380	12428	10450	8425	5950	6842	4743	2300	2447	3856	2967	2607	2375	2216
179	421.56322	16476	13331	10967	8790	6281	7359	5019	2329	2556	4030	3168	2769	2476	2254
180	422.1121	17419	13805	11702	9469	6645	7713	5235	2445	2652	4149	3196	2903	2492	2415
181	422.661	18168	14486	12206	9745	6913	8003	5386	2550	2755	4305	3391	2877	2681	2467
182	423.20991	19110	15279	12782	10285	7298	8550	5717	2642	2883	4620	3470	3086	2718	2553
183	423.75885	19992	16088	13429	10801	7665	8874	5965	2665	3009	4778	3677	3175	2872	2675
184	424.3078	21027	16571	14210	11339	8082	9229	6269	2796	3011	4908	3755	3350	2926	2788
185	424.85677	21972	17705	14678	11823	8305	9742	6481	2907	3239	5215	3980	3487	3049	2836
186	425.40576	23305	18442	15427	12349	8814	10088	6822	2975	3360	5395	4038	3499	3201	2891
187	425.95477	24091	19492	16302	12964	9030	10730	7044	3182	3451	5550	4307	3743	3261	3027
188	426.5038	25601	20177	16939	13413	9488	10955	7329	3188	3568	5812	4443	3798	3378	3199
189	427.05284	26479	20954	17512	13981	9814	11527	7707	3355	3673	6065	4455	3951	3558	3231
190	427.6019	27448	21980	18212	14579	10329	11963	7969	3531	3877	6299	4734	4107	3669	3378
191	428.15098	28559	22795	19007	15133	10524	12296	8345	3591	3945	6418	4923	4279	3771	3465
192	428.70008	29774	23700	19760	15754	11056	12798	8553	3737	4046	6695	5089	4330	3910	3530
193	429.2492	31003	24612	20354	16306	11568	13238	8871	3829	4245	6983	5196	4546	4037	3703
194	429.79833	31913	25461	21239	16944	11820	13762	9266	4040	4374	7160	5434	4584	4185	3790
195	430.34748	33200	26248	22158	17476	12235	14323	9558	4026	4511	7478	5624	4773	4270	3909
196	430.89665	34111	27291	22764	18058	12723	14919	9779	4234	4658	7631	5771	4928	4407	4031
197	431.44584	35391	28188	23431	18700	13004	15208	10104	4324	4753	7961	5862	5004	4494	4071
198	431.99505	36452	29088	24191	19334	13559	15762	10390	4442	4838	8170	5913	5211	4623	4190
199	432.54427	37573	30141	25081	20081	13992	16272	10782	4585	4927	8387	6275	5382	4827	4344
200	433.09352	38916	30911	25467	20592	14341	16780	10939	4658	5142	8558	6523	5514	4871	4478
201	433.64278	39634	31736	26316	21208	14853	16927	11184	4851	5314	8688	6565	5586	5010	4561
202	434.19206	40837	33012	26919	21640	15088	17487	11517	4990	5478	9005	6699	5749	5105	4705
203	434.74135	41903	33592	27623	22281	15499	17939	11856	5068	5499	9281	7024	5847	5245	4848
204	435.29067	43074	34459	28506	22607	15688	18566	12411	5178	5581	9440	7004	6055	5358	4839
205	435.84	44072	35312	29309	23221	16421	18768	12688	5287	5767	9547	7235	6212	5475	4948
206	436.38935	45059	36376	29739	23804	16466	19369	12760	5339	6006	9958	7472	6378	5605	5041
207	436.93872	45870	36945	30470	24430	17091	19703	13028	5566	6071	10085	7456	6563	5688	5168
208	437.48811	47587	38118	31444	25162	17368	20273	13525	5645	6216	10408	7776	6523	5742	5348
209	438.03751	48201	38490	31714	25436	17510	20466	13560	5715	6282	10420	7852	6738	5850	5325
210	438.58694	49365	39152	32649	25873	18059	20899	13872	5815	6377	10690	7914	6723	6039	5432
211	439.13638	50059	40060	33095	26595	18307	21323	14102	5854	6423	10754	8148	6947	6168	5623
212	439.68584	51089	40821	33508	26925	18806	21507	14582	6017	6618	10952	8267	7027	6147	5609
213	440.23532	51730	41340	34146	27385	18876	22048	14836	6055	6749	11181	8401	7136	6345	5740
214	440.78481	52481	42040	34840	27724	19224	22231	14923	6134	6752	11437	8435	7272	6367	5811
215	441.33432	53566	42597	35124	28030	19535	22462	14940	6190	7014	11643	8550	7325	6467	5810
216	441.88386	53991	43294	35802	28766	19934	23036	15295	6379	6983	11726	8642	7462	6523	5980
217	442.43341	54949	43842	36137	29098	20062	23224	15609	6362	6988	11814	8731	7480	6602	5978
218	442.98297	55873	44454	36985	29618	20592	23510	15766	6527	7248	12016	8938	7584	6856	6081
219	443.53256	56108	45197	36964	29715	20782	23896	15819	6510	7096	12158	8972	7552	6814	6074
220	444.08217	56877	45543	37434	29894	21026	23945	15957	6591	7424	12292	9069	7815	6869	6209
221	444.63179	57716	46322	37823	30462	21211	24437	16334	6620	7294	12474	9159	7842	6871	6251
222	445.18143	58092	46604	38284	30680	21434	24493	16410	6752	7336	12451	9339	7991	6995	6207
223	445.73109	58931	46849	38658	31204	21493	24959	16554	6821	7423	12514	9365	8064	6970	6374
224	446.28076	59554	47381	39225	31348	21684	25007	16678	6949	7639	12722	9430	8056	7006	6471
225	446.83046	59713	47627	39540	31723	22004	25174	16882	7040	7602	12751	9491	8088	7217	6485
226	447.38017	60435	48065	39730	31656	21993	25204	16946	7086	7622	12829	9494	8214	7224	6556
227	447.9299	60734	48633	39752	31911	22203	25387	17131	6942	7750	12991	9702	8242	7227	6541
228	448.47965	61001	48732	40279	32250	22315	25711	17164	7145	7815	13131	9622	8259	7196	6598
229	449.02942	61381	49079	40573	32461	22504	25821	17236	7136	7870	13233	9679	8281	7292	6687
230	449.5792	61613	49251	40622	32746	22490	25849	17442	7200	7872	13184	9864	8426	7324	6675
231	450.12901	61860	49463	40730	32978	22965	25931	17492	7159	7839	13325	9841	8389	7394	6672
232	450.67883	62220	49629	40814	32942	22721	26185	17515	7151	7985	13363	9872	8365	7411	6628
233	451.22867	62619	49900	40970	33169	23013	26085	17740	7237	7988	13187	9850	8467	7257	6691
234	451.77852	62582	49869	40872	33046	22912	26387	17755	7279	8067	13451	10046	8554	7410	6678
235	452.3284	63318	50093	41582	33220	23005	26548	17599	7091	7997	13513	9979	8422	7351	6673
236	452.87829	63287	50347	41363	33229	22954	26542	17708	7331	7985	13408	10042	8479	7462	6707
237	453.4282	63323	50405	41654	33407	23157	26549	17743	7331	7933	13535	10003	8539	7476	6756
238	453.97813	63402	50760	41765	33402	23097	26699	17742	7386	8023	13378	10025	8396	7414	6760
239	454.52808	63357	50650	41802	33397	23200	26669	17829	7338	7986	13579	9935	8517	7450	6681
240	455.07805	63544	50701	41557	33338	23265	26541	17902	7329	8052	13449	10031	8576	7488	6805
241	455.62803	63587	50631	41814	33561	23153	26729	17768	7317	8121	13588	10106	8642	7475	6822
242	456.17803	63653	50956	41837	33555	23313	26828	17877	7372	8115	13634	10024	8575	7566	6787
243	456.72805	63542	50854	41782	33536	23130	26648	17844	7390	8031	13475	10077	8603	7497	6771
244	457.27809	63445	50648	41626	33401	23198	26628	17787	7294	8040	13455	10081	8610	7430	6860
245	457.82815	63419	50904	41867	33506	23509	26552	17915	7298	7983	13527	10110	8426	7601	6763
246	458.37822	63440	50729	41805	33190	23184	26551	17772	7347	8069	13525	10082	8580	7518	6735
247	458.92831	63127	50631	41827	33320	23380	26424	17827	7264	7979	13503	9867	8500	7419	6812
248	459.47842	63436	50557	41535	33122	23128	26631	17637	7337	7956	13302	10021	8444	7511	6778
249	460.02855	63281	50550	41600	33237	23158	26557	17867	7306	8119	13465	10082	8510	7458	6797
250	460.5787	63403	50555	41293	33174	23187	26351	17857	7293	8020	13381	9921	8462	7351	6610
251	461.12886	63202	50222	41215	33201	23011	26469	17788	7286	8074	13356	9933	8447	7360	6748
252	461.67905	63053	50131	41302	33240	22911	26239	17621	7219	7929	13472	9856	8432	7326	6623
253	462.22925	63079	50081	41154	33106	22866	26352	17568	7222	8016	13175	9865	8482	7423	6548
254	462.77947	62041	49847	40812	32860	22807	26156	17520	7254	7941	13180	9867	8376	7337	6712
255	463.3297	61912	49549	40708	32693	22858	26157	17413	7194	7807	13194	9933	8378	7316	6604
256	463.87996	61810	49136	40798	32672	22555	26015	17324	7172	7836	13226	9776	8394	7292	6706
257	464.43023	61886	49179	40792	32574	22531	25855	17428	7126	7824	13140	9702	8314	7265	6627
258	464.98052	61410	49038	40357	32157	22324	25629	17321	7138	7848	12946	9724	8288	7249	6579
259	465.53083	60873	48527	40032	31999	22269	25435	17187	7107	7851	13012	9652	8205	7206	6443
260	466.08116	61002	48497	40030	32083	22336	25550	16960	7038	7849	13006	9720	8173	7060	6577
261	466.63151	60183	48364	39794	31760	22151	25406	17284	7033	7655	12731	9548	8179	7287	6444
262	467.18187	60486	48124	39463	31704	22184	25165	17009	6920	7709	12856	9551	8070	6991	6324
263	467.73225	60039	47995	39400	31414	22017	25171	16863	6936	7595	12859	9470	8068	7109	6343
264	468.28265	59479	47467	39076	31390	22036	24932	16758	7021	7636	12646	9432	8048	7020	6279
265	468.83307	59287	47283	38872	31303	21582	24672	16789	6897	7566	12650	9350	8021	6961	6283
266	469.3835	58908	47243	38896	30986	21534	24548	16517	6759	7539	12624	9321	7971	6993	6366
267	469.93396	58788	46749	38706	31098	21232	24442	16465	6795	7466	12451	9239	7882	6933	6218
268	470.48443	58121	46390	38494	30659	21252	24669	16323	6863	7354	12438	9326	7714	6904	6278
269	471.03492	57926	45895	37950	30564	21196	24060	16296	6729	7392	12318	9079	7706	6829	6061
270	471.58543	57534	45835	37682	30122	20951	24045	16243	6752	7214	12211	9072	7815	6816	6111
271	472.13595	57194	45508	37504	30189	20923	23596	15943	6676	7290	12225	9103	7624	6743	6107
272	472.6865	56589	44944	37118	29794	20844	23905	15983	6627	7159	11988	9000	7741	6793	6041
273	473.23706	56228	44722	36686	29826	20606	23552	15934	6510	7208	11931	8842	7475	6673	6074
274	473.78764	55619	44382	36744	29601	20416	23454	15864	6558	7121	11912	8836	7497	6656	6099
275	474.33824	55239	44136	36683	29029	20260	23324	15571	6416	7049	11683	8832	7479	6625	6018
276	474.88886	55260	43890	36186	28926	20235	22976	15590	6420	7051	11682	8693	7407	6560	5879
277	475.43949	54729	43813	36068	28774	19938	22914	15446	6396	7062	11680	8798	7363	6519	5836
278	475.99014	54073	43166	35753	28700	20014	22653	15313	6340	6936	11370	8649	7388	6333	5863
279	476.54082	54245	42762	35189	28642	19670	22554	15159	6322	6974	11515	8533	7191	6342	5731
280	477.0915	53306	42607	35138	27929	19347	22284	14948	6299	6917	11371	8454	7203	6339	5736
281	477.64221	52886	42246	34749	27818	19335	22162	14981	6303	6797	11350	8331	7210	6345	5763
282	478.19294	52627	42149	34534	27510	19364	22118	14807	6245	6660	11144	8352	7199	6138	5654
283	478.74368	51931	41558	34235	27257	19384	21793	14757	6235	6743	11084	8378	7045	6222	5676
284	479.29444	51289	41064	33963	27018	18947	21658	14572	6155	6679	10958	8189	7010	6288	5575
285	479.84522	51204	40907	33522	27126	18707	21335	14489	6079	6651	10882	8210	6919	6126	5570
286	480.39602	50930	40524	33352	26808	18698	21087	14362	6013	6632	10871	8041	6874	6062	5509
287	480.94683	50671	40127	33094	26775	18310	21048	14150	6013	6497	10663	7944	6861	6083	5516
288	481.49767	49924	39799	32747	26384	18482	21029	14202	5891	6489	10752	7924	6777	5999	5466
289	482.04852	49760	39350	32716	26051	18130	20599	13894	5751	6433	10609	7897	6736	5853	5383
290	482.59939	48885	39138	32167	25865	18176	20409	14019	5841	6421	10431	7888	6635	5900	5294
291	483.15028	48849	38692	31976	25623	17858	20261	13715	5754	6392	10314	7837	6629	5825	5290
292	483.70118	48249	38544	31538	25474	17618	20187	13503	5722	6229	10252	7708	6541	5758	5242
293	484.25211	47735	38291	31252	25475	17496	19873	13512	5796	6217	10215	7729	6578	5826	5223
294	484.80305	47314	37954	31087	24994	17572	19880	13523	5745	6208	10212	7601	6487	5759	5196
295	485.35401	46960	37539	30892	24735	17302	19780	13377	5693	6165	10003	7418	6445	5710	5021
296	485.90499	46352	37206	30505	24648	17204	19486	13203	5660	5985	10022	7470	6317	5553	5089
297	486.45598	45910	36912	30334	24302	16734	19322	13016	5506	6010	9913	7458	6336	5553	5086
298	487.007	45828	36527	30042	24113	16782	19098	12999	5411	5923	9724	7336	6368	5477	5036
299	487.55803	45285	36434	29923	23915	16621	18900	12834	5479	6004	9557	7386	6286	5471	4954
300	488.10908	44840	36036	29578	23863	16611	18757	12941	5391	5910	9606	7267	6152	5451	4988
301	488.66015	44859	35618	29275	23598	16403	18723	12651	5372	5811	9490	7187	6169	5424	4919
302	489.21124	44101	35311	29211	23129	16469	18553	12713	5264	5849	9327	7100	6174	5369	4872
303	489.76234	43881	35003	28663	23190	16079	18313	12489	5331	5736	9373	7057	6051	5413	4721
304	490.31346	43323	34725	28650	22996	16084	18211	12233	5212	5665	9351	7012	6018	5282	4822
305	490.8646	43185	34489	28387	22691	15758	18065	12390	5208	5701	9252	7017	5910	5182	4750
306	491.41576	42932	34285	27963	22470	15669	17663	12127	5271	5619	9288	6916	5894	5290	4781
307	491.96694	42258	33810	27914	22392	15653	17684	12201	5115	5520	9094	6792	5840	5177	4670
308	492.51814	41969	33834	27614	22179	15403	17702	12099	5138	5531	8902	6792	5801	5092	4635
309	493.06935	41375	33133	27385	22046	15311	17465	11868	5016	5468	8914	6762	5726	5006	4653
310	493.62058	41217	33018	27217	21739	15055	17255	11836	5040	5599	8877	6734	5730	5145	4605
311	494.17183	40912	32786	27125	21392	15147	17262	11796	5001	5444	8808	6625	5700	4996	4609
312	494.7231	40584	32343	26627	21575	15011	16959	11663	4942	5255	8714	6556	5639	4931	4525
313	495.27438	40387	32338	26440	21340	14891	17123	11665	4958	5372	8734	6614	5606	4909	4475
314	495.82569	40120	32072	26384	20865	14788	16728	11521	4878	5291	8690	6438	5532	4940	4435
315	496.37701	39650	31779	26050	21005	14778	16714	11540	4789	5284	8613	6475	5537	4867	4442
316	496.92835	39324	31619	25934	20935	14509	16638	11373	4829	5229	8500	6328	5460	4853	4380
317	497.47971	38981	31247	25796	20635	14526	16425	11228	4796	5202	8479	6336	5503	4779	4416
318	498.03108	38875	31272	25313	20598	14447	16358	11167	4733	5182	8400	6360	5405	4795	4369
319	498.58248	38644	31002	25319	20518	14308	16137	11075	4770	5179	8300	6300	5381	4660	4337
320	499.13389	37854	30584	25187	20214	14153	15917	11061	4733	5056	8278	6244	5269	4675	4289
321	499.68532	38020	30281	24914	20080	14065	15847	10962	4664	5103	8239	6202	5281	4655	4242
322	500.23677	37911	30099	24809	19899	14040	15700	10863	4539	5069	8185	6131	5288	4564	4280
323	500.78823	37479	29849	24654	19669	13855	15526	10768	4604	5024	8062	6120	5242	4638	4170
324	501.33972	37348	29750	24382	19747	13799	15525	10713	4532	5011	8055	6078	5328	4594	4171
325	501.89122	36867	29689	24276	19654	13664	15536	10680	4518	4949	7996	6079	5203	4632	4141
326	502.44274	36845	29388	24027	19377	13640	15378	10600	4602	5016	7906	6070	5281	4600	4139
327	502.99428	36500	28981	23863	19107	13418	15266	10394	4510	4938	7899	5955	5106	4594	4160
328	503.54584	36120	28806	23747	19180	13360	15201	10400	4479	4861	7807	5975	5012	4512	4052
329	504.09741	35598	28539	23841	19024	13101	15035	10328	4452	4863	7703	5904	5089	4350	4000
330	504.649	35569	28186	23474	18803	13151	14929	10269	4403	4796	7735	5791	5046	4400	4066
331	505.20062	35365	28296	23299	18537	12923	14601	10148	4339	4813	7702	5783	4951	4332	3961
332	505.75224	34991	28052	23121	18638	13002	14702	10113	4375	4866	7711	5762	4989	4346	3972
333	506.30389	34955	27569	22827	18298	12851	14589	10003	4340	4701	7534	5726	4823	4372	4026
334	506.85556	34589	27652	22809	18298	12805	14550	9923	4333	4660	7514	5601	4910	4303	3973
335	507.40724	34418	27416	22637	18084	12642	14373	9933	4349	4617	7430	5610	4787	4271	3889
336	507.95894	34052	27104	22537	17784	12608	14338	9992	4307	4694	7382	5608	4851	4272	3799
337	508.51066	33465	26802	22177	17827	12428	14139	9745	4191	4599	7263	5622	4801	4249	3909
338	509.0624	33298	27003	21843	17531	12479	13949	9572	4182	4570	7279	5535	4738	4204	3862
339	509.61415	33098	26567	21791	17633	12392	14032	9514	4150	4552	7246	5514	4650	4140	3799
340	510.16593	33030	26443	21603	17440	12264	13747	9628	4097	4417	7146	5460	4720	4167	3782
341	510.71772	32586	26161	21524	17466	12120	13705	9429	4141	4452	7207	5514	4699	4105	3769
342	511.26953	32262	25989	21432	17066	12018	13741	9429	4034	4539	7080	5371	4569	4054	3729
343	511.82136	32092	25734	21133	17137	11864	13540	9327	4038	4468	7021	5333	4572	4089	3732
344	512.3732	31698	25334	21032	17042	11811	13495	9331	4015	4365	6878	5255	4538	4046	3654
345	512.92507	31423	25457	20800	16864	11761	13209	9190	4069	4315	6953	5317	4470	4020	3706
346	513.47695	31386	25140	20783	16613	11519	13240	9071	4015	4408	6799	5109	4513	3905	3595
347	514.02885	31072	24770	20547	16258	11583	13175	9054	3967	4388	6767	5109	4498	3917	3639
348	514.58077	30641	24470	20410	16232	11542	13024	9066	3953	4250	6656	5103	4445	3930	3571
349	515.13271	30469	24679	19980	16141	11417	12831	8875	3923	4231	6676	5115	4442	3847	3608
350	515.68466	30432	24099	19928	16090	11303	12739	8791	3843	4224	6642	5046	4314	3863	3575
351	516.23663	29939	24014	19624	15906	11213	12643	8745	3801	4159	6581	5039	4374	3792	3529
352	516.78862	29674	23587	19489	15820	11012	12618	8632	3751	4114	6533	4973	4314	3835	3460
353	517.34063	29565	23599	19415	15614	10914	12436	8575	3784	4121	6457	4908	4311	3834	3414
354	517.89266	29126	23351	19195	15485	10930	12297	8561	3680	4143	6535	4853	4240	3733	3442
355	518.4447	28948	23156	18953	15453	10793	12159	8417	3746	3983	6290	4937	4185	3706	3432
356	518.99677	28475	22839	18833	15024	10735	12056	8421	3667	4001	6306	4754	4135	3683	3430
357	519.54885	28135	22756	18736	15017	10490	11901	8365	3617	3913	6240	4836	4061	3594	3346
358	520.10095	27923	22563	18541	14953	10541	11943	8270	3600	3975	6202	4740	4004	3647	3389
359	520.65306	27807	22317	18467	14919	10391	11656	8343	3528	3834	6050	4696	4072	3606	3283
360	521.2052	27319	21888	18000	14716	10281	11631	8197	3586	3788	6064	4603	4051	3542	3306
361	521.75735	27204	21848	18033	14498	10307	11534	8051	3566	3822	5990	4612	3994	3541	3209
362	522.30952	26982	21747	17828	14490	10060	11439	7993	3498	3772	5947	4549	3968	3523	3260
363	522.86171	26814	21355	17629	14181	10047	11219	7928	3515	3823	5918	4500	3904	3508	3164
364	523.41392	26342	21338	17331	14137	10027	11154	7799	3507	3768	5840	4510	3920	3442	3103
365	523.96615	26148	21006	17351	14051	9884	11067	7771	3432	3764	5798	4537	3813	3411	3156
366	524.51839	26123	20855	17110	13840	9690	10907	7649	3430	3615	5787	4388	3845	3371	3105
367	525.07065	25760	20709	16913	13672	9591	10877	7575	3359	3719	5807	4389	3808	3410	3119
368	525.62293	25288	20544	16779	13432	9437	10652	7589	3357	3623	5597	4323	3785	3383	3076
369	526.17523	25018	20328	16640	13440	9519	10601	7560	3324	3537	5673	4318	3775	3373	3072
370	526.72755	24943	20176	16548	13425	9258	10614	7435	3302	3531	5519	4236	3676	3288	2961
371	527.27988	24610	19806	16267	13299	9262	10463	7244	3239	3547	5464	4199	3677	3290	2982
372	527.83223	24502	19460	16061	13083	9154	10339	7285	3230	3538	5365	4192	3652	3158	3027
373	528.3846	23946	19352	15842	12887	9086	10097	7187	3192	3527	5393	4140	3562	3225	2969
374	528.93699	23761	19201	15723	12629	8882	10088	7183	3177	3427	5383	4112	3574	3170	2921
375	529.4894	23692	19148	15515	12578	8880	10091	7069	3238	3412	5215	4063	3559	3139	2935
376	530.04182	23334	18814	15367	12487	8758	9881	6954	3184	3464	5254	4000	3451	3133	2891
377	530.59427	23204	18577	15231	12371	8698	9949	6883	3088	3338	5187	3989	3515	3104	2871
378	531.14673	23133	18387	15197	12364	8686	9813	6917	3031	3340	5222	3981	3424	3127	2839
379	531.69921	22767	18064	15093	12167	8599	9528	6700	3055	3288	5101	3913	3354	3030	2835
380	532.2517	22599	18029	14750	11749	8492	9479	6726	3098	3226	5050	3931	3349	2974	2750
381	532.80422	22104	17777	14719	11878	8407	9540	6666	2974	3269	4947	3859	3326	3026	2754
382	533.35675	22111	17713	14658	11888	8267	9339	6568	3011	3227	4949	3827	3337	2967	2794
383	533.9093	21708	17601	14426	11575	8290	9223	6506	2917	3172	4942	3843	3323	2919	2689
384	534.46187	21719	17292	14328	11438	8179	9194	6418	2925	3159	4893	3733	3277	2978	2683
385	535.01446	21260	17108	13915	11450	8078	8963	6357	2949	3114	4856	3836	3226	2858	2654
386	535.56706	21161	16796	13995	11264	7977	8926	6385	2922	3055	4806	3714	3225	2846	2642
387	536.11969	20697	16791	13655	11292	7898	8852	6288	2890	3109	4782	3686	3175	2864	2628
388	536.67233	20588	16646	13650	10935	7747	8881	6269	2804	3047	4666	3624	3157	2895	2607
389	537.22499	20292	16281	13778	10831	7615	8674	6226	2814	3049	4640	3643	3166	2790	2594
390	537.77767	20190	16246	13259	10769	7671	8600	6105	2771	3017	4555	3606	3094	2804	2593
391	538.33036	19851	15970	13255	10692	7497	8529	6001	2763	2971	4640	3552	3085	2778	2605
392	538.88307	19671	15774	13046	10593	7425	8340	5998	2729	2989	4609	3546	3116	2813	2527
393	539.43581	19717	15670	12899	10553	7396	8327	5942	2695	2937	4378	3470	2991	2723	2498
394	539.98856	19312	15491	12828	10352	7307	8204	5915	2690	2856	4439	3432	3037	2739	2476
395	540.54132	19172	15302	12537	10240	7227	8075	5820	2696	2859	4391	3384	2998	2662	2515
396	541.09411	18608	15197	12528	10083	7186	8167	5797	2653	2890	4362	3330	2947	2713	2429
397	541.64692	18657	14838	12415	10007	7015	8036	5688	2642	2884	4319	3298	2908	2650	2431
398	542.19974	18395	14931	12224	9891	7182	8044	5638	2684	2761	4241	3257	2932	2586	2414
399	542.75258	18157	14521	12199	9822	7020	7829	5503	2568	2858	4245	3297	2897	2587	2442
400	543.30544	18047	14278	12008	9678	6839	7759	5494	2603	2731	4070	3224	2871	2566	2392
401	543.85831	17743	14505	11741	9670	6829	7556	5520	2534	2717	4045	3204	2852	2567	2377
402	544.41121	17782	14203	11831	9463	6649	7601	5481	2533	2740	4136	3223	2803	2563	2338
403	544.96412	17490	13989	11501	9285	6639	7538	5389	2460	2669	4076	3209	2760	2523	2288
404	545.51705	17330	13920	11364	9282	6619	7359	5378	2465	2619	4055	3162	2793	2478	2327
405	546.07	17062	13620	11388	9191	6531	7459	5216	2547	2677	3934	3113	2730	2459	2272
406	546.62297	16953	13528	11240	8998	6484	7243	5207	2424	2633	3949	3103	2739	2411	2239
407	547.17595	16641	13407	10924	9032	6348	7138	5064	2448	2632	3883	3080	2704	2414	2206
408	547.72896	16588	13138	10841	8950	6335	7017	5117	2403	2564	3934	3020	2652	2390	2261
409	548.28198	16282	12995	10755	8715	6223	7088	4984	2427	2574	3878	3023	2599	2398	2239
410	548.83502	15965	12939	10656	8610	6250	6931	4996	2372	2557	3755	2941	2611	2329	2186
411	549.38807	15920	12907	10569	8615	6056	6848	4899	2323	2462	3711	2969	2621	2336	2134
412	549.94115	15658	12546	10398	8431	5953	6844	4853	2372	2505	3727	2930	2549	2338	2135
413	550.49424	15387	12409	10292	8332	6005	6704	4875	2341	2505	3694	2916	2569	2365	2147
414	551.04735	15301	12272	10262	8339	5943	6627	4789	2270	2398	3710	2858	2468	2270	2118
415	551.60048	15045	12099	10108	8169	5817	6448	4688	2295	2412	3609	2813	2555	2236	2097
416	552.15363	14814	11964	9976	8086	5815	6536	4685	2255	2366	3513	2779	2492	2261	2084
417	552.7068	14661	11829	9741	8014	5749	6357	4637	2251	2370	3489	2786	2427	2241	2037
418	553.25998	14340	11724	9653	7889	5695	6299	4473	2177	2311	3516	2750	2441	2187	2075
419	553.81318	14398	11549	9590	7784	5669	6317	4394	2201	2358	3396	2709	2409	2152	2023
420	554.3664	14185	11479	9428	7689	5507	6160	4504	2173	2339	3410	2681	2380	2202	2039
421	554.91964	14041	11237	9422	7647	5367	6083	4502	2126	2308	3379	2710	2352	2151	1990
422	555.4729	13889	11137	9310	7497	5332	6057	4406	2142	2310	3358	2693	2301	2128	1988
423	556.02617	13589	11066	9117	7423	5273	6100	4351	2141	2224	3346	2631	2322	2087	1963
424	556.57946	13428	10807	9073	7293	5365	5880	4195	2137	2217	3223	2601	2276	2097	1949
425	557.13277	13267	10676	8906	7289	5147	5817	4254	2067	2201	3210	2553	2215	2084	1952
426	557.6861	13186	10462	8732	7154	5196	5850	4156	2054	2228	3220	2576	2308	2078	1912
427	558.23945	12971	10483	8647	7009	5095	5691	4214	2029	2155	3121	2529	2202	2085	1916
428	558.79281	12745	10357	8553	7041	5094	5640	4133	2021	2163	3244	2526	2246	2029	1959
429	559.3462	12648	10069	8359	6943	4921	5516	3968	1995	2116	3149	2482	2203	2021	1834
430	559.8996	12442	10057	8280	6808	4842	5443	3946	1941	2122	3058	2404	2208	1945	1860
431	560.45302	12214	9935	8264	6744	4817	5503	3935	1987	2091	2997	2417	2133	1912	1829
432	561.00645	12105	9797	8158	6490	4743	5358	3916	1973	2082	2998	2393	2122	1930	1796
433	561.55991	11794	9588	7933	6539	4783	5252	3864	1970	2074	2943	2369	2133	1916	1802
434	562.11338	11848	9500	7920	6382	4735	5244	3783	1907	2002	2920	2377	2099	1935	1809
435	562.66687	11586	9340	7798	6239	4532	5160	3741	1881	2018	2832	2342	2094	1894	1812
436	563.22038	11556	9369	7707	6230	4525	5043	3741	1913	2010	2839	2254	2076	1871	1742
437	563.77391	11248	9171	7561	6243	4513	5036	3689	1883	1985	2855	2267	1967	1855	1738
438	564.32746	11110	9049	7471	6215	4453	5025	3640	1861	1939	2841	2211	1987	1852	1710
439	564.88102	11023	8969	7368	6140	4330	4898	3562	1858	1956	2833	2223	1988	1785	1723
440	565.4346	10862	8860	7240	6009	4336	4842	3548	1850	1885	2742	2233	1973	1784	1682
441	565.9882	10620	8625	7115	5866	4298	4737	3478	1819	1930	2678	2164	1897	1815	1656
442	566.54182	10557	8581	7065	5733	4230	4759	3472	1794	1848	2715	2138	1978	1800	1670
443	567.09545	10449	8402	6980	5727	4111	4642	3467	1793	1912	2686	2183	1868	1809	1679
444	567.64911	10399	8323	6837	5695	4156	4557	3404	1730	1858	2609	2120	1924	1719	1639
445	568.20278	10079	8142	6752	5627	4023	4546	3327	1738	1870	2622	2072	1885	1722	1652
446	568.75647	9944	8169	6694	5474	4004	4501	3291	1739	1807	2655	2078	1848	1725	1605
447	569.31018	9874	8023	6594	5454	4058	4349	3361	1696	1771	2528	2056	1886	1699	1609
448	569.8639	9799	7865	6497	5333	3886	4378	3258	1688	1816	2495	2071	1879	1701	1640
449	570.41765	9553	7962	6428	5355	3882	4265	3210	1693	1754	2469	2057	1844	1721	1594
450	570.97141	9540	7671	6382	5217	3814	4267	3177	1706	1823	2443	2005	1795	1651	1581
451	571.52519	9319	7522	6215	5190	3784	4161	3140	1674	1770	2425	1982	1814	1635	1572
452	572.07899	9190	7421	6128	5223	3691	4179	3108	1651	1702	2395	1987	1737	1642	1516
453	572.63281	8995	7343	6108	5140	3652	4077	3106	1655	1723	2396	1981	1759	1642	1561
454	573.18664	8870	7365	6088	4891	3622	4004	3023	1624	1734	2333	1946	1747	1615	1515
455	573.74049	8779	7123	5901	4885	3619	3933	2958	1597	1730	2336	1934	1726	1581	1496
456	574.29437	8623	7068	5899	4757	3570	3951	2932	1584	1660	2319	1978	1750	1585	1533
457	574.84825	8561	6927	5748	4812	3519	3933	2955	1539	1639	2297	1865	1709	1599	1481
458	575.40216	8535	6846	5672	4675	3507	3821	2798	1552	1631	2265	1836	1698	1532	1455
459	575.95609	8433	6772	5590	4656	3396	3822	2801	1545	1584	2270	1847	1653	1552	1478
460	576.51003	8251	6740	5554	4544	3342	3699	2879	1550	1638	2219	1832	1658	1552	1466
461	577.06399	8129	6657	5512	4588	3282	3682	2772	1527	1597	2207	1792	1627	1593	1460
462	577.61797	7961	6471	5485	4455	3353	3660	2742	1499	1614	2167	1765	1619	1506	1453
463	578.17197	7857	6359	5359	4497	3335	3617	2752	1522	1593	2131	1762	1589	1479	1421
464	578.72598	7752	6303	5242	4306	3219	3576	2705	1477	1534	2123	1769	1599	1501	1400
465	579.28002	7629	6201	5163	4380	3226	3606	2725	1467	1561	2108	1781	1644	1482	1400
466	579.83407	7470	6209	5053	4188	3134	3478	2711	1474	1549	2050	1698	1579	1473	1383
467	580.38814	7356	6082	5047	4259	3111	3436	2621	1473	1531	2079	1703	1566	1481	1378
468	580.94223	7441	5996	4972	4053	3037	3401	2555	1469	1518	2053	1681	1550	1453	1375
469	581.49633	7297	5896	4951	4134	3038	3406	2564	1461	1491	2010	1722	1539	1419	1376
470	582.05046	7231	5782	4812	4097	3018	3311	2542	1438	1508	2026	1689	1476	1419	1333
471	582.6046	7024	5758	4823	4059	2980	3208	2532	1412	1506	1963	1646	1542	1433	1353
472	583.15876	6990	5593	4700	3918	2946	3167	2462	1438	1483	1987	1664	1496	1380	1351
473	583.71294	6765	5574	4691	3897	2943	3162	2458	1405	1444	1937	1660	1518	1388	1310
474	584.26713	6721	5483	4665	3811	2848	3154	2383	1356	1457	1980	1625	1508	1393	1323
475	584.82135	6558	5412	4566	3856	2792	3049	2398	1371	1436	1894	1595	1462	1377	1323
476	585.37558	6508	5309	4461	3757	2851	2967	2356	1396	1436	1926	1575	1457	1371	1299
477	585.92983	6470	5155	4361	3693	2806	3029	2337	1373	1381	1878	1590	1434	1350	1316
478	586.4841	6311	5112	4388	3601	2706	3028	2310	1325	1377	1821	1536	1445	1314	1296
479	587.03839	6217	5173	4316	3611	2660	2961	2375	1343	1406	1865	1547	1411	1333	1308
480	587.59269	6209	5041	4342	3578	2677	2930	2291	1331	1405	1872	1536	1374	1331	1277
481	588.14701	6080	4965	4207	3532	2672	2878	2170	1319	1397	1828	1511	1406	1312	1303
482	588.70135	5933	4808	4087	3485	2595	2880	2220	1331	1378	1776	1537	1406	1341	1258
483	589.25571	5895	4896	4062	3430	2561	2757	2151	1307	1323	1732	1563	1394	1304	1265
484	589.81009	5875	4840	4028	3351	2586	2818	2125	1320	1368	1739	1519	1394	1291	1239
485	590.36449	5785	4713	3958	3285	2556	2782	2136	1285	1336	1703	1478	1369	1274	1234
486	590.9189	5605	4610	3904	3288	2443	2736	2154	1254	1325	1671	1475	1325	1255	1223
487	591.47333	5553	4534	3868	3234	2431	2719	2055	1248	1324	1712	1497	1361	1264	1223
488	592.02778	5459	4442	3783	3223	2434	2690	2029	1278	1290	1668	1434	1338	1257	1197
489	592.58225	5394	4432	3812	3192	2432	2608	2090	1255	1279	1653	1475	1298	1266	1215
490	593.13673	5417	4421	3711	3112	2346	2591	2027	1259	1273	1623	1429	1311	1241	1219
491	593.69124	5211	4299	3662	3063	2343	2516	2006	1236	1254	1638	1407	1321	1250	1219
492	594.24576	5184	4317	3626	3045	2353	2477	2017	1250	1259	1622	1443	1317	1209	1207
493	594.8003	5087	4152	3537	3040	2286	2499	1940	1235	1286	1608	1404	1271	1237	1174
494	595.35486	5056	4122	3565	2936	2279	2469	1964	1233	1265	1613	1421	1289	1210	1162
495	595.90943	5001	4133	3461	2866	2229	2451	1887	1180	1248	1587	1393	1302	1211	1157
496	596.46403	4896	3996	3398	2968	2198	2427	1880	1187	1263	1565	1358	1257	1189	1141
497	597.01864	4779	3898	3324	2882	2191	2347	1929	1176	1243	1514	1368	1276	1181	1145
498	597.57327	4749	3900	3327	2812	2147	2310	1841	1172	1205	1560	1352	1251	1183	1135
499	598.12792	4627	3929	3218	2810	2168	2304	1836	1161	1203	1547	1374	1228	1182	1129
500	598.68258	4581	3756	3239	2726	2146	2321	1848	1163	1171	1517	1297	1256	1154	1136
501	599.23727	4514	3769	3147	2709	2066	2302	1835	1171	1190	1490	1320	1208	1150	1130
502	599.79197	4448	3735	3154	2708	2031	2263	1771	1160	1199	1482	1262	1227	1159	1117
503	600.34669	4308	3703	3091	2658	2026	2194	1808	1174	1167	1480	1272	1229	1147	1106
504	600.90143	4299	3547	3046	2616	2029	2176	1770	1141	1177	1431	1255	1203	1151	1093
505	601.45619	4352	3576	3028	2565	1949	2092	1742	1150	1163	1435	1266	1205	1127	1096
506	602.01096	4202	3438	2932	2549	1987	2131	1715	1119	1167	1445	1248	1188	1124	1078
507	602.56575	4082	3428	2907	2487	1918	2109	1707	1139	1122	1415	1278	1190	1128	1078
508	603.12057	4058	3407	2861	2509	1922	2102	1634	1113	1151	1408	1239	1158	1135	1086
509	603.67539	3955	3324	2870	2443	1935	2087	1667	1126	1134	1415	1232	1170	1120	1082
510	604.23024	3913	3305	2849	2407	1879	2017	1658	1123	1146	1378	1245	1147	1127	1050
511	604.78511	3840	3277	2800	2402	1876	2008	1627	1083	1130	1403	1230	1150	1090	1089
512	605.33999	3839	3208	2715	2395	1875	2011	1593	1063	1091	1358	1192	1144	1099	1048
513	605.89489	3750	3243	2727	2345	1860	1976	1607	1110	1118	1359	1183	1121	1055	1059
514	606.44981	3751	3144	2646	2342	1787	1960	1591	1084	1111	1367	1187	1148	1075	1071
515	607.00475	3597	3073	2653	2264	1759	1926	1527	1075	1092	1320	1202	1150	1064	1042
516	607.5597	3623	3005	2627	2243	1774	1897	1560	1037	1084	1307	1189	1120	1092	1068
517	608.11468	3554	3009	2587	2177	1738	1912	1544	1056	1097	1335	1176	1104	1074	1047
518	608.66967	3525	2923	2527	2245	1735	1857	1542	1055	1089	1301	1168	1111	1046	1029
519	609.22468	3448	2912	2518	2152	1716	1868	1493	1040	1095	1275	1178	1117	1054	1018
520	609.77971	3391	2907	2513	2116	1706	1788	1516	1045	1052	1292	1182	1119	1065	1036
521	610.33475	3354	2856	2442	2076	1668	1820	1525	1053	1099	1269	1115	1074	1057	1011
522	610.88982	3287	2776	2401	2084	1658	1757	1449	1043	1081	1245	1139	1080	1038	1016
523	611.4449	3285	2717	2340	2096	1646	1797	1479	1014	1067	1235	1136	1094	1037	1000
524	612	3261	2754	2314	2024	1632	1768	1479	998	1052	1268	1125	1083	1018	990
525	612.55512	3212	2703	2303	2009	1648	1718	1438	1020	1062	1252	1117	1065	1006	1003
526	613.11025	3116	2638	2371	1955	1592	1715	1469	988	1067	1242	1121	1050	1039	986
527	613.66541	3132	2624	2280	1977	1565	1683	1388	1020	1045	1208	1130	1045	1024	1009
528	614.22058	3046	2543	2218	1932	1575	1719	1383	994	1031	1219	1093	1073	1013	990
529	614.77577	3053	2540	2255	1901	1563	1661	1385	1010	1017	1216	1097	1045	1020	987
530	615.33098	2942	2499	2237	1890	1551	1629	1380	975	1013	1208	1114	1034	1018	979
531	615.88621	2921	2504	2134	1913	1560	1579	1353	979	1032	1184	1074	1003	1010	973
532	616.44145	2949	2454	2103	1872	1506	1579	1345	989	997	1172	1092	1032	991	971
533	616.99672	2894	2433	2091	1841	1513	1616	1350	998	1003	1159	1062	1037	993	964
534	617.552	2818	2426	2115	1839	1496	1600	1314	967	1007	1142	1074	1008	985	976
535	618.1073	2854	2367	2054	1788	1477	1526	1302	976	995	1161	1061	1024	986	959
536	618.66261	2759	2352	2055	1760	1469	1554	1317	969	979	1144	1055	1009	971	959
537	619.21795	2747	2327	2013	1768	1474	1537	1303	960	998	1169	1036	1019	971	952
538	619.7733	2715	2276	2009	1739	1475	1541	1310	952	989	1164	1043	983	966	969
539	620.32867	2672	2271	1950	1734	1453	1526	1300	971	976	1122	1058	1004	975	951
540	620.88406	2581	2232	1947	1693	1412	1495	1310	960	967	1129	1059	993	971	952
541	621.43947	2541	2247	1919	1693	1396	1517	1283	962	976	1131	1065	973	959	951
542	621.9949	2580	2208	1918	1712	1383	1433	1265	950	986	1119	1015	981	962	965
543	622.55034	2535	2177	1871	1689	1367	1509	1241	948	959	1107	1015	988	953	927
544	623.1058	2532	2151	1883	1638	1383	1456	1268	943	958	1114	1018	981	944	931
545	623.66128	2464	2127	1884	1644	1350	1476	1238	938	973	1098	1005	967	929	930
546	624.21678	2459	2092	1851	1626	1380	1443	1223	949	941	1076	1002	961	946	936
547	624.7723	2361	2051	1787	1605	1339	1433	1239	926	951	1088	1032	1001	938	936
548	625.32783	2360	2060	1828	1596	1298	1407	1206	941	953	1093	1007	968	942	935
549	625.88338	2318	2051	1775	1579	1300	1397	1189	915	955	1096	1002	947	935	914
550	626.43895	2327	2020	1763	1581	1350	1397	1195	912	950	1055	1004	964	938	927
551	626.99454	2321	1995	1742	1579	1337	1397	1213	919	948	1044	1006	945	955	923
552	627.55015	2289	1936	1696	1514	1268	1347	1174	925	941	1078	992	963	928	913
553	628.10577	2261	1952	1731	1526	1282	1340	1182	922	935	1054	975	928	930	917
554	628.66142	2188	1908	1714	1538	1273	1333	1147	921	927	1058	977	956	918	924
555	629.21708	2216	1863	1652	1521	1281	1314	1169	921	938	1062	968	951	901	922
556	629.77275	2194	1898	1679	1466	1271	1336	1159	917	929	1040	968	952	929	914
557	630.32845	2158	1857	1668	1491	1285	1324	1151	914	952	1043	983	940	918	916
558	630.88417	2147	1875	1656	1444	1234	1309	1141	913	933	1035	959	933	924	909
559	631.4399	2087	1836	1629	1430	1235	1331	1174	899	912	1019	966	929	912	907
560	631.99565	2065	1832	1587	1464	1243	1328	1126	932	907	1029	967	931	915	910
561	632.55142	2078	1819	1577	1418	1238	1279	1113	894	911	1056	982	948	927	890
562	633.10721	2071	1840	1586	1429	1206	1276	1087	883	918	1014	946	926	900	899
563	633.66301	2056	1795	1576	1418	1203	1288	1108	903	932	1024	986	925	916	898
564	634.21884	2049	1746	1573	1409	1151	1281	1096	886	915	1006	967	928	910	893
565	634.77468	1986	1751	1526	1415	1197	1240	1108	895	923	1028	970	895	895	893
566	635.33054	1964	1729	1576	1415	1195	1246	1092	900	904	1003	935	923	919	882
567	635.88641	1942	1734	1509	1366	1194	1237	1108	892	909	997	952	910	920	894
568	636.44231	1944	1714	1531	1353	1151	1218	1097	892	904	1008	956	919	886	900
569	636.99822	1935	1648	1506	1362	1167	1244	1092	881	895	984	939	927	888	900
570	637.55416	1899	1651	1484	1379	1164	1231	1083	894	885	994	950	914	882	876
571	638.11011	1902	1650	1494	1328	1149	1206	1080	898	891	979	946	911	904	883
572	638.66607	1874	1642	1483	1327	1150	1211	1075	886	885	988	932	900	912	888
573	639.22206	1852	1620	1434	1328	1164	1213	1077	892	887	986	938	896	884	867
574	639.77806	1811	1629	1462	1307	1137	1189	1058	893	895	986	930	911	876	884
575	640.33409	1832	1583	1442	1305	1150	1188	1072	886	900	978	929	898	882	895
576	640.89013	1845	1565	1446	1326	1114	1170	1076	875	881	996	939	891	890	881
577	641.44619	1809	1552	1435	1331	1127	1192	1057	871	881	958	899	894	877	885
578	642.00226	1744	1558	1395	1273	1116	1158	1048	899	888	954	904	896	887	884
579	642.55836	1802	1560	1404	1274	1131	1154	1051	896	896	957	931	885	882	889
580	643.11447	1743	1547	1408	1254	1136	1122	1007	866	880	954	926	896	872	866
581	643.6706	1737	1549	1349	1276	1106	1154	1036	877	880	968	923	895	876	866
582	644.22675	1731	1522	1382	1249	1084	1139	1027	860	879	972	922	898	870	863
583	644.78292	1749	1538	1352	1241	1153	1144	1029	878	878	936	935	893	880	866
584	645.3391	1700	1511	1350	1232	1110	1145	1002	867	866	935	919	878	875	860
585	645.8953	1687	1478	1322	1209	1105	1153	1040	869	873	962	915	885	866	882
586	646.45153	1644	1478	1346	1256	1089	1137	1014	860	871	936	892	887	876	862
587	647.00777	1638	1481	1343	1222	1079	1126	1017	852	876	933	909	874	882	861
588	647.56402	1639	1516	1331	1203	1073	1117	1009	860	866	941	917	891	886	859
589	648.1203	1653	1450	1328	1194	1064	1116	991	864	869	961	899	873	880	872
590	648.67659	1618	1479	1320	1203	1052	1131	1002	846	860	942	891	873	867	867
591	649.2329	1573	1471	1302	1204	1044	1108	1001	860	875	933	894	854	882	870
592	649.78923	1578	1411	1287	1191	1071	1102	961	849	846	931	910	868	847	849
593	650.34558	1547	1426	1295	1166	1064	1096	991	861	861	920	899	875	868	853
594	650.90195	1601	1416	1298	1215	1067	1106	987	855	859	942	896	879	859	856
595	651.45833	1566	1424	1279	1184	1047	1089	994	859	860	912	888	867	861	847
596	652.01473	1531	1393	1249	1155	1020	1080	979	873	879	920	892	879	857	875
597	652.57115	1473	1387	1284	1177	1054	1082	990	863	849	924	907	880	866	858
598	653.12759	1505	1356	1228	1143	1042	1072	971	863	873	930	892	870	866	844
599	653.68405	1565	1366	1252	1177	1045	1057	967	858	869	919	886	868	853	843
600	654.24052	1493	1347	1205	1151	1041	1053	973	856	860	897	884	858	847	848
601	654.79701	1492	1316	1227	1139	1027	1068	968	845	849	919	893	846	858	854
602	655.35352	1468	1326	1238	1107	1019	1072	977	848	855	918	880	883	867	851
603	655.91005	1452	1324	1232	1154	1009	1060	956	841	855	921	881	861	852	847
604	656.4666	1476	1296	1223	1137	1018	1052	968	844	861	904	866	864	864	831
605	657.02316	1459	1308	1203	1117	1007	1054	953	833	845	907	876	855	856	835
606	657.57975	1435	1309	1200	1144	1011	1030	943	839	843	891	868	863	864	852
607	658.13635	1440	1290	1181	1107	1024	1033	927	840	838	911	882	843	858	837
608	658.69297	1421	1303	1170	1114	1000	1037	955	845	851	897	875	865	853	834
609	659.2496	1436	1307	1179	1111	1001	1030	935	846	858	904	904	851	853	852
610	659.80626	1443	1282	1191	1094	991	1031	963	843	847	903	881	856	833	845
611	660.36293	1372	1278	1159	1094	993	1025	938	825	851	895	866	852	843	848
612	660.91962	1387	1276	1158	1107	990	1007	932	839	831	910	863	861	841	841
613	661.47633	1404	1252	1186	1100	979	1024	931	843	838	897	871	837	842	831
614	662.03306	1382	1277	1181	1083	991	1013	929	843	840	890	880	863	837	850
615	662.5898	1334	1232	1140	1081	963	1015	921	838	839	891	860	844	839	847
616	663.14657	1359	1222	1130	1090	981	1024	938	841	837	897	860	857	834	838
617	663.70335	1363	1229	1153	1069	970	995	919	830	837	883	865	853	862	849
618	664.26015	1331	1253	1144	1058	969	991	928	835	837	886	849	848	839	846
619	664.81697	1344	1194	1135	1053	972	1015	934	845	840	882	857	865	832	836
620	665.3738	1354	1232	1122	1053	976	979	923	843	831	895	863	866	831	828
621	665.93066	1358	1212	1117	1067	955	990	929	839	837	884	861	848	821	849
622	666.48753	1312	1193	1112	1042	990	983	909	825	850	880	860	871	838	837
623	667.04442	1330	1187	1132	1063	957	1000	913	823	836	887	866	848	857	842
624	667.60133	1315	1191	1135	1034	949	1003	906	828	826	875	861	840	848	831
625	668.15825	1308	1205	1109	1045	965	984	902	826	826	873	860	849	837	836
626	668.7152	1297	1198	1114	1037	956	984	909	825	825	874	863	843	831	836
627	669.27216	1287	1189	1105	1034	956	970	928	828	828	888	858	835	836	827
628	669.82914	1290	1175	1093	1055	943	974	909	824	815	871	857	843	831	839
629	670.38614	1278	1173	1120	1036	944	979	913	828	840	870	858	835	829	825
630	670.94316	1274	1155	1074	1034	959	953	923	811	826	868	845	843	835	832
631	671.50019	1264	1145	1090	1015	957	977	898	804	846	862	843	825	824	834
632	672.05724	1249	1164	1083	1015	944	966	898	805	826	870	852	831	837	833
633	672.61431	1246	1137	1087	1030	949	945	905	819	832	857	837	838	831	811
634	673.1714	1252	1162	1071	1038	932	959	895	838	823	850	855	846	832	833
635	673.72851	1202	1138	1070	1013	930	966	896	808	815	857	846	837	831	816
636	674.28564	1207	1117	1067	1003	912	964	911	812	821	854	843	831	841	828
637	674.84278	1252	1119	1066	1007	941	938	895	818	831	857	848	836	833	807
638	675.39994	1212	1154	1059	1013	921	946	891	816	819	860	863	837	818	834
639	675.95712	1197	1118	1048	973	928	937	890	815	824	855	839	839	835	824
640	676.51432	1210	1136	1050	1000	900	949	889	809	825	866	844	828	817	820
641	677.07153	1178	1099	1004	990	915	948	878	814	817	860	843	844	824	815
642	677.62877	1192	1113	1050	998	923	939	885	818	819	868	840	829	826	819
643	678.18602	1198	1116	1047	975	921	925	891	802	823	843	825	826	833	824
644	678.74329	1191	1077	1049	963	924	945	879	804	811	843	822	834	830	817
645	679.30058	1202	1111	1024	964	912	951	883	814	822	863	829	836	821	814
646	679.85788	1157	1073	1037	957	912	945	883	808	829	837	846	815	817	816
647	680.41521	1178	1082	1047	965	896	914	884	803	825	849	843	832	819	811
648	680.97255	1147	1087	1026	977	905	923	871	812	815	839	850	817	826	818
649	681.52991	1174	1081	1029	984	910	936	870	824	817	850	838	823	824	822
650	682.08729	1153	1060	1015	954	900	928	869	813	822	845	840	822	826	817
651	682.64468	1149	1051	1012	961	898	919	861	819	813	853	834	811	829	820
652	683.2021	1160	1072	988	964	888	928	854	814	803	859	833	815	812	820
653	683.75953	1135	1080	1019	955	896	927	876	804	815	836	832	824	821	806
654	684.31698	1121	1058	1000	948	902	918	861	805	818	837	834	820	822	808
655	684.87445	1144	1075	989	970	899	917	869	808	807	851	830	834	805	799
656	685.43194	1105	1060	993	953	898	898	872	798	826	839	828	818	817	808
657	685.98944	1134	1062	999	947	892	911	856	803	807	841	826	836	817	801
658	686.54696	1123	1050	980	951	894	929	861	807	817	833	824	814	807	815
659	687.1045	1117	1051	974	936	902	899	868	802	804	851	848	809	811	809
660	687.66206	1109	1029	1002	955	895	912	874	808	808	840	828	825	806	795
661	688.21964	1101	1047	974	943	892	902	863	801	820	841	850	827	809	810
662	688.77724	1106	1033	956	931	873	907	870	807	814	840	823	828	816	816
663	689.33485	1089	1027	974	942	880	911	862	805	806	843	828	819	805	802
664	689.89248	1113	1032	988	947	875	898	858	804	804	839	831	821	820	803
665	690.45013	1091	1042	965	951	887	901	862	805	799	847	834	820	819	814
666	691.0078	1089	1046	959	931	881	900	848	794	802	831	832	816	810	817
667	691.56548	1096	1012	972	919	882	901	856	800	802	833	823	822	816	810
668	692.12319	1079	1013	956	924	862	881	843	807	810	824	820	804	807	805
669	692.68091	1069	1020	959	928	868	891	856	803	807	831	824	819	816	794
670	693.23865	1074	1015	962	922	872	903	856	796	806	842	824	824	804	814
671	693.79641	1088	1016	948	944	871	893	848	804	809	843	831	822	810	823
672	694.35418	1063	1026	931	931	878	893	849	810	800	841	828	814	805	811
673	694.91198	1075	1011	968	936	885	878	853	804	795	850	823	811	804	812
674	695.46979	1054	1000	948	906	883	890	847	814	805	830	809	817	819	810
675	696.02762	1083	1010	962	933	873	899	853	806	804	846	817	801	820	816
676	696.58547	1052	999	951	920	866	894	855	810	814	834	824	835	825	824
677	697.14333	1050	1009	981	905	871	900	850	797	794	835	829	807	823	817
678	697.70122	1040	1005	964	907	881	891	864	818	812	830	818	812	808	819
679	698.25912	1068	1004	945	913	875	886	851	799	803	825	825	805	813	821
680	698.81704	1032	970	939	911	874	887	849	799	803	837	833	815	818	818
681	699.37498	1038	1002	960	907	859	890	852	799	810	830	831	827	825	823
682	699.93294	1052	995	951	905	878	874	852	808	820	829	804	815	819	829
683	700.49091	1039	967	956	902	855	887	840	799	798	834	824	824	811	819
684	701.0489	1032	980	941	891	864	872	846	803	807	830	830	819	817	823
685	701.60691	999	982	934	901	871	866	835	803	807	834	827	833	824	814
686	702.16494	1026	985	931	900	876	895	837	807	799	825	827	805	826	819
687	702.72299	1025	972	928	895	870	887	850	804	800	837	832	824	827	821
688	703.28106	1043	968	911	888	874	890	832	788	812	832	835	822	810	826
689	703.83914	1024	983	921	907	852	864	820	797	808	834	842	814	810	814
690	704.39724	1012	988	931	892	859	877	832	804	811	836	824	811	829	828
691	704.95536	1026	980	940	905	859	888	830	804	810	851	835	819	824	833
692	705.5135	1026	1002	904	883	861	881	849	808	820	815	821	826	823	821
693	706.07165	1002	967	917	890	858	857	825	806	798	825	842	818	806	811
694	706.62983	1031	979	928	901	852	875	837	795	801	821	820	826	816	823
695	707.18802	1005	947	913	892	862	868	843	818	808	828	826	811	812	818
696	707.74623	990	969	923	863	845	876	837	790	799	830	823	817	812	819
697	708.30446	1006	965	899	891	852	864	833	798	817	827	811	821	823	831
698	708.8627	990	980	924	896	858	872	836	803	801	816	819	824	805	821
699	709.42097	998	984	923	917	859	879	824	800	808	830	821	811	811	827
700	709.97925	994	937	892	877	854	874	829	796	814	831	818	818	806	812
701	710.53755	989	944	928	877	859	867	835	804	807	824	828	821	807	807
702	711.09587	998	967	888	887	861	869	841	805	797	830	806	817	811	811
703	711.6542	1025	958	909	918	860	871	835	817	803	824	832	813	808	812
704	712.21256	1024	960	918	902	850	855	830	800	804	814	833	811	821	807
705	712.77093	972	942	900	886	846	849	825	789	811	812	841	806	807	810
706	713.32932	979	945	896	876	842	859	833	807	796	814	812	798	804	807
707	713.88773	990	949	894	876	851	866	848	789	791	814	800	804	816	815
708	714.44616	989	922	909	889	840	854	834	804	806	823	818	800	806	810
709	715.0046	1007	923	897	879	842	877	824	797	801	807	819	799	795	802
710	715.56307	980	927	910	876	851	867	823	803	808	814	794	811	792	797
711	716.12155	963	928	903	880	851	858	823	797	798	825	818	821	814	796
712	716.68005	974	927	895	858	860	858	831	793	792	825	806	808	797	799
713	717.23856	957	922	915	861	843	855	836	790	807	805	811	806	809	800
714	717.7971	972	927	894	881	842	858	835	788	788	821	813	803	805	801
715	718.35565	987	930	874	874	848	869	815	787	802	821	803	804	799	801
716	718.91422	962	936	892	883	848	843	821	809	798	826	814	793	813	803
717	719.47281	959	939	879	865	849	857	821	783	804	821	807	801	803	795
718	720.03142	957	944	889	874	830	865	825	798	792	816	805	814	806	799
719	720.59005	957	897	895	878	848	859	829	800	813	831	824	812	815	811
720	721.14869	969	926	891	878	837	855	818	790	795	808	811	808	810	810
721	721.70735	946	923	879	873	834	857	814	807	796	813	815	809	803	798
722	722.26603	977	926	895	865	842	851	816	796	794	806	813	827	807	807
723	722.82473	973	920	877	861	821	833	830	798	806	811	808	806	816	803
724	723.38345	935	916	894	865	836	849	827	785	807	825	819	806	796	804
725	723.94218	963	904	888	884	831	836	818	790	793	821	818	803	815	800
726	724.50093	964	900	897	854	829	847	824	792	791	827	829	805	804	812
727	725.0597	950	890	891	867	837	854	812	788	794	817	817	808	805	796
728	725.61849	943	906	903	868	837	846	826	795	808	820	805	811	806	812
729	726.1773	936	910	887	864	839	846	818	786	807	799	814	796	809	820
730	726.73612	948	915	869	866	829	856	821	796	790	807	813	798	817	810
731	727.29496	946	901	883	869	830	855	823	787	783	821	807	808	817	805
732	727.85382	941	911	881	846	830	857	814	803	796	811	809	804	810	806
733	728.4127	930	912	882	860	833	855	809	795	807	818	817	806	807	809
734	728.9716	939	903	877	843	821	834	823	786	795	807	817	810	799	808
735	729.53052	945	902	874	853	832	848	813	792	802	811	803	804	802	810
736	730.08945	955	904	879	833	832	845	821	787	798	806	817	814	789	804
737	730.6484	926	895	893	856	834	835	822	781	801	823	806	816	790	820
738	731.20737	940	907	879	840	848	835	823	797	789	807	805	816	801	786
739	731.76636	926	905	869	839	836	852	821	804	790	807	805	799	817	804
740	732.32536	910	915	870	848	835	833	826	793	793	810	807	799	801	803
741	732.88439	920	898	867	845	828	829	820	804	792	810	795	800	794	802
742	733.44343	949	884	879	846	830	831	822	781	780	813	801	796	782	807
743	734.00249	928	899	881	843	817	835	824	791	782	823	810	800	785	786
744	734.56156	917	901	878	845	832	832	811	792	782	800	804	807	802	785
745	735.12066	946	898	860	846	835	838	803	783	793	803	804	806	788	785
746	735.67977	921	905	866	838	820	822	822	796	788	803	794	795	793	795
747	736.23891	928	886	872	854	809	831	805	786	788	794	804	789	793	794
748	736.79806	921	877	859	838	825	843	796	776	788	808	792	807	784	806
749	737.35722	914	871	868	838	831	843	810	786	785	810	808	800	788	785
750	737.91641	916	899	872	842	820	836	818	789	779	804	802	796	780	795
751	738.47561	904	886	850	840	824	822	802	789	788	802	805	791	793	787
752	739.03484	924	886	861	845	826	831	806	796	803	801	792	795	792	796
753	739.59408	923	897	860	844	818	834	820	789	792	798	797	789	798	798
754	740.15334	924	885	852	836	824	836	813	795	797	805	800	793	793	799
755	740.71261	905	893	874	840	824	823	809	792	791	800	804	794	790	784
756	741.27191	903	894	872	831	828	833	803	784	788	797	803	793	795	785
757	741.83122	918	879	877	843	808	828	812	782	786	798	798	804	796	803
758	742.39055	913	891	869	838	824	824	803	785	792	805	804	787	799	791
759	742.9499	915	895	852	840	819	831	818	789	783	800	808	798	794	795
760	743.50927	899	862	849	825	812	826	813	776	794	800	787	786	787	792
761	744.06865	892	880	843	852	815	840	805	788	784	806	802	782	796	784
762	744.62805	916	865	868	842	819	837	810	777	794	789	792	797	800	786
763	745.18747	899	865	855	833	809	824	814	786	777	802	799	794	787	787
764	745.74691	912	858	839	831	826	834	794	771	784	810	800	792	794	795
765	746.30637	922	876	860	830	816	825	814	790	783	799	803	802	785	788
766	746.86585	900	880	855	858	821	810	826	782	789	797	786	785	793	800
767	747.42534	903	871	852	829	841	814	799	784	782	800	794	790	796	806
768	747.98485	895	886	834	827	818	829	800	791	780	794	791	797	804	791
769	748.54438	917	869	853	838	812	832	807	780	794	795	792	790	792	793
770	749.10393	885	867	852	829	814	831	800	781	788	796	800	795	787	794
771	749.6635	875	863	858	840	819	811	795	773	776	797	800	784	793	804
772	750.22308	896	858	850	833	811	829	807	779	792	804	798	794	778	797
773	750.78268	907	861	846	847	817	839	810	792	778	807	801	792	785	793
774	751.3423	895	880	845	844	805	818	810	785	786	790	796	795	787	790
775	751.90194	893	879	851	832	819	811	812	784	786	797	794	791	804	790
776	752.4616	891	859	846	821	804	814	800	772	785	795	802	789	790	782
777	753.02127	892	871	845	833	823	821	798	779	775	787	793	789	776	777
778	753.58096	884	869	834	823	821	822	798	781	778	789	784	770	791	788
779	754.14067	894	854	853	826	805	831	799	782	790	783	787	795	792	785
780	754.7004	885	847	856	830	806	837	795	793	781	811	804	783	794	793
781	755.26015	888	853	835	832	820	819	795	779	786	794	793	787	785	786
782	755.81991	892	863	835	834	806	812	811	780	779	787	791	788	781	791
783	756.37969	872	858	850	819	812	818	786	784	798	797	792	785	782	781
784	756.9395	881	852	839	826	816	821	800	790	778	789	799	789	790	780
785	757.49931	894	860	839	820	802	825	798	788	785	800	788	792	778	779
786	758.05915	886	858	827	812	807	821	791	778	771	785	784	780	776	786
787	758.61901	883	856	846	813	797	805	796	772	782	784	788	786	785	784
788	759.17888	864	861	844	807	800	829	802	789	776	778	786	795	780	787
789	759.73877	881	873	841	814	809	809	787	779	779	795	790	786	779	783
790	760.29868	878	846	821	828	813	812	778	788	782	791	788	787	784	788
791	760.85861	885	850	833	829	814	812	791	774	777	794	780	789	781	780
792	761.41855	861	851	842	817	796	814	791	777	779	793	789	796	777	776
793	761.97852	885	849	831	813	818	818	786	773	784	796	779	780	771	781
794	762.5385	879	851	840	828	806	809	794	786	793	790	781	791	784	780
795	763.0985	874	864	839	820	806	815	788	780	780	779	787	788	789	778
796	763.65852	882	844	821	825	797	804	788	774	784	792	767	774	786	773
797	764.21855	866	839	831	816	808	812	798	778	785	784	783	782	785	788
798	764.77861	873	866	838	817	802	814	787	772	784	782	788	789	777	773
799	765.33868	866	858	818	816	806	804	787	786	777	792	782	773	783	776
800	765.89877	880	848	829	812	802	799	802	773	783	789	780	781	785	781
801	766.45888	879	845	819	811	797	798	790	776	782	784	786	783	780	774
802	767.019	867	845	813	824	788	811	801	768	782	789	784	767	775	783
803	767.57915	874	843	830	814	805	805	785	779	780	791	780	787	789	780
804	768.13931	866	839	821	808	803	808	793	770	773	785	789	775	774	787
805	768.69949	867	841	831	816	793	806	795	775	775	780	787	778	769	770
806	769.25969	864	850	831	808	792	821	786	783	779	789	776	781	773	771
807	769.8199	860	857	831	819	793	810	795	769	771	781	779	792	781	774
808	770.38014	861	832	835	811	791	805	795	788	770	783	793	786	782	779
809	770.94039	840	839	837	820	795	803	803	777	774	788	790	782	775	783
810	771.50066	866	847	827	811	800	809	792	769	779	792	780	779	781	771
811	772.06095	857	827	813	810	804	801	784	778	781	787	771	769	781	783
812	772.62126	861	837	817	814	795	799	796	763	776	777	767	771	767	779
813	773.18158	860	834	831	805	794	801	785	774	776	778	784	779	769	785
814	773.74193	853	839	836	823	798	802	781	774	773	785	774	775	774	774
815	774.30229	850	846	834	803	803	800	790	772	772	782	777	784	776	769
816	774.86267	855	825	835	809	790	808	798	781	775	783	774	773	765	767
817	775.42307	861	844	830	804	785	791	786	769	773	786	766	764	774	773
818	775.98348	871	839	817	810	792	792	784	773	781	777	785	776	767	784
819	776.54392	871	840	824	816	799	802	796	785	779	784	781	780	784	777
820	777.10437	867	835	817	805	799	800	785	771	771	785	788	784	772	773
821	777.66484	852	839	817	798	793	795	788	774	777	784	768	784	777	779
822	778.22532	840	836	809	813	794	799	777	779	770	780	770	782	768	779
823	778.78583	834	832	809	799	791	795	783	768	771	788	780	779	775	778
824	779.34635	852	840	809	804	794	800	785	767	778	778	779	771	771	769
825	779.9069	863	830	830	797	794	782	777	772	777	783	777	773	777	768
826	780.46746	857	835	807	808	788	798	775	765	769	789	781	767	770	774
827	781.02803	852	838	807	815	790	797	781	770	766	775	777	774	777	775
828	781.58863	851	848	821	804	796	795	778	773	777	784	786	770	773	765
829	782.14925	852	830	813	800	790	799	781	767	778	782	778	767	770	778
830	782.70988	849	845	819	804	794	796	778	777	769	774	783	765	784	777
831	783.27053	845	832	811	789	795	791	781	780	779	778	768	767	773	765
832	783.8312	848	823	813	799	789	785	787	767	767	783	773	768	776	782
833	784.39188	850	829	811	794	794	780	778	767	768	775	778	781	774	774
834	784.95259	841	839	821	810	794	797	783	767	770	789	785	767	766	767
835	785.51331	848	824	817	814	786	799	786	766	767	793	771	767	761	767
836	786.07405	833	832	803	804	794	802	778	768	776	793	777	775	774	778
837	786.63481	853	832	808	799	793	803	791	761	768	780	780	771	768	767
838	787.19559	860	827	814	791	788	806	789	772	767	778	773	769	771	767
839	787.75638	839	807	821	798	788	796	784	767	767	779	777	766	767	765
840	788.3172	845	834	819	802	779	788	780	771	765	774	772	769	769	766
841	788.87803	851	807	814	797	782	788	777	767	778	776	772	775	772	770
842	789.43888	854	828	806	800	785	789	789	774	777	774	781	778	764	773
843	789.99975	854	823	812	794	794	793	779	765	769	768	771	763	767	767
844	790.56063	842	828	814	797	783	785	781	776	775	779	770	780	773	775
845	791.12153	861	821	811	806	781	806	778	767	764	767	766	767	772	771
846	791.68246	838	832	807	804	784	791	784	767	759	783	771	766	773	763
847	792.2434	843	813	815	802	790	789	777	757	770	769	767	774	764	767
848	792.80435	849	827	818	797	792	790	780	767	768	782	767	765	767	770
849	793.36533	842	823	820	808	788	793	780	767	773	771	769	776	774	768
850	793.92632	820	831	815	792	773	796	783	761	768	783	775	774	768	771
851	794.48734	837	822	802	803	794	785	776	762	774	780	772	771	773	765
852	795.04837	843	816	821	794	788	790	780	761	772	761	767	766	767	767
853	795.60941	820	818	823	800	783	802	784	767	764	775	768	771	769	772
854	796.17048	842	832	804	798	781	789	776	770	776	774	775	775	771	778
855	796.73157	838	820	803	806	784	781	776	761	765	767	768	767	768	763
856	797.29267	837	824	807	796	792	794	779	767	767	774	768	764	770	762
857	797.85379	843	827	818	796	786	792	782	767	773	784	772	768	766	768
858	798.41493	837	832	815	795	768	785	773	771	770	772	768	765	772	774
859	798.97608	853	815	801	801	774	779	775	779	765	768	773	771	767	767
860	799.53726	834	829	796	798	783	795	774	771	769	775	771	776	763	766
861	800.09845	827	819	810	785	781	795	775	770	764	771	769	767	766	768
862	800.65966	824	809	805	797	767	799	765	766	767	778	779	766	770	761
863	801.22089	836	815	809	793	786	784	788	765	760	774	772	773	766	767
864	801.78214	833	816	811	787	775	796	781	770	767	773	771	760	769	771
865	802.3434	836	818	802	805	791	784	775	767	772	775	773	775	774	761
866	802.90469	840	830	811	809	788	787	782	772	769	779	765	761	768	773
867	803.46599	839	826	804	796	782	794	761	770	762	774	769	773	765	765
868	804.02731	833	821	800	796	788	784	767	757	763	782	773	764	761	770
869	804.58865	834	819	811	805	782	787	779	760	769	773	776	768	769	768
870	805.15	835	814	807	796	774	787	776	760	768	766	765	768	760	777
871	805.71138	829	819	799	789	783	779	782	761	761	768	767	768	767	765
872	806.27277	836	812	808	785	782	793	771	769	767	771	766	773	763	769
873	806.83418	841	821	802	799	790	791	765	760	761	773	773	765	768	765
874	807.39561	834	829	807	800	786	791	768	769	768	766	775	773	758	767
875	807.95705	848	827	806	795	781	794	778	759	766	776	777	770	769	773
876	808.51852	852	815	805	791	794	803	771	768	767	766	768	765	761	764
877	809.08	834	812	818	798	787	788	769	759	759	769	763	757	771	763
878	809.6415	842	825	815	811	781	784	775	771	761	766	773	767	767	765
879	810.20302	846	828	803	808	784	786	775	767	768	767	764	768	774	764
880	810.76455	846	818	799	802	789	794	775	763	772	779	768	765	767	776
881	811.32611	844	823	814	802	788	782	773	760	770	775	772	771	775	759
882	811.88768	829	823	818	794	787	784	781	768	765	774	772	766	764	769
883	812.44927	846	819	812	806	786	795	769	759	764	772	767	763	760	774
884	813.01088	846	829	817	790	779	787	774	767	761	782	765	756	764	765
885	813.57251	841	828	820	795	776	784	774	764	761	775	772	765	764	766
886	814.13415	848	831	812	805	783	782	781	759	765	771	767	765	768	766
887	814.69581	852	831	807	792	784	787	771	763	764	769	763	770	769	771
888	815.2575	847	814	810	801	777	793	778	759	766	769	767	760	758	760
889	815.81919	848	827	815	797	791	784	783	763	771	771	778	763	751	766
890	816.38091	843	828	811	803	790	786	780	767	766	771	771	769	761	768
891	816.94265	848	824	808	794	777	802	775	759	758	775	774	757	774	767
892	817.5044	843	816	809	806	792	793	768	762	765	774	769	765	764	767
893	818.06617	854	831	808	793	789	793	771	758	767	781	763	767	772	774
894	818.62796	866	824	808	800	785	790	775	759	765	768	762	765	766	759
895	819.18977	855	834	811	801	789	795	783	761	767	775	767	763	761	767
896	819.75159	866	830	819	807	778	784	780	763	765	767	763	767	764	775
897	820.31344	845	839	819	789	798	810	780	768	765	768	763	774	767	770
898	820.8753	865	842	825	800	778	788	769	766	760	778	773	768	763	772
899	821.43718	858	846	822	806	790	785	783	766	769	767	769	762	763	768
900	821.99908	858	820	822	804	775	796	777	758	765	786	763	768	767	775
901	822.56099	866	839	819	800	786	796	791	757	767	764	769	768	774	763
902	823.12293	877	836	825	797	787	803	775	763	770	775	765	772	766	767
903	823.68488	871	838	822	805	784	799	768	760	761	771	778	767	764	762
904	824.24685	860	846	810	808	779	797	779	764	763	782	772	770	754	762
905	824.80884	870	845	846	807	789	799	776	768	758	774	774	771	765	760
906	825.37085	865	838	819	815	791	799	773	760	761	769	774	768	772	769
907	825.93287	876	844	827	813	800	796	790	765	761	785	760	775	763	763
908	826.49491	866	846	828	803	790	798	796	759	769	774	778	773	766	759
909	827.05697	872	844	825	801	797	819	789	765	770	785	766	767	767	770
910	827.61905	888	832	839	827	806	796	791	767	772	777	771	767	765	764
911	828.18115	868	855	832	818	794	802	783	760	763	774	773	770	757	765
912	828.74326	895	835	834	814	786	806	780	757	759	781	770	770	769	775
913	829.3054	890	850	840	821	797	809	787	751	768	772	777	770	766	762
914	829.86755	887	864	824	809	803	799	781	767	761	784	776	778	763	767
915	830.42972	890	870	824	820	808	816	799	762	774	779	771	768	766	771
916	830.9919	885	866	834	834	800	816	778	769	772	784	767	757	768	769
917	831.55411	896	854	852	820	815	801	786	770	763	774	772	767	773	772
918	832.11633	915	867	835	836	799	806	784	758	766	768	776	777	770	771
919	832.67858	903	871	850	838	799	812	782	770	765	785	781	774	769	759
920	833.24083	906	867	852	825	810	827	785	760	766	789	776	768	763	769
921	833.80311	927	888	850	825	816	823	792	767	763	788	777	782	758	766
922	834.36541	928	865	856	832	822	811	790	775	775	784	770	761	783	766
923	834.92772	939	883	864	839	793	814	809	763	766	782	775	767	772	764
924	835.49005	912	872	850	847	813	825	796	770	771	783	777	772	760	767
925	836.0524	941	888	852	828	820	821	787	767	771	786	769	764	769	775
926	836.61477	927	883	870	840	825	821	805	767	782	790	787	769	772	768
927	837.17716	955	877	881	839	817	831	802	772	774	783	773	765	768	769
928	837.73956	955	881	884	844	816	827	800	766	778	781	773	764	765	767
929	838.30198	963	901	869	848	814	830	799	759	783	776	775	778	772	787
930	838.86443	957	907	874	851	820	834	795	767	769	804	788	775	783	767
931	839.42688	943	920	872	855	813	840	806	771	789	795	779	775	775	788
932	839.98936	966	909	885	861	826	831	807	770	770	792	782	776	778	773
933	840.55185	973	918	895	858	824	846	809	766	765	795	787	780	771	779
934	841.11437	1000	927	879	876	825	823	810	774	774	806	782	777	780	774
935	841.6769	970	928	878	857	826	851	806	769	782	794	790	768	774	781
936	842.23945	982	936	882	865	842	829	803	774	775	798	783	788	768	773
937	842.80201	1017	932	895	877	826	870	805	778	777	804	799	793	779	785
938	843.3646	990	946	914	886	838	860	807	774	779	804	790	781	781	775
939	843.9272	1017	945	897	876	837	857	812	770	778	797	781	788	772	780
940	844.48982	1005	947	911	895	848	858	829	766	774	802	807	783	775	782
941	845.05246	1006	977	915	885	842	876	811	777	774	796	791	783	781	771
942	845.61512	999	966	927	880	844	865	819	773	779	810	795	781	786	792
943	846.1778	1027	970	933	877	854	867	824	789	786	807	798	780	780	781
944	846.74049	1033	958	921	919	861	875	819	777	784	808	788	787	782	792
945	847.3032	1036	973	935	879	846	863	815	783	780	821	792	790	782	784
946	847.86593	1043	989	932	883	867	861	818	781	783	807	791	779	780	788
947	848.42868	1038	985	943	897	850	864	823	774	785	825	788	796	775	787
948	848.99144	1055	994	942	899	866	883	821	784	785	810	803	787	787	787
949	849.55423	1083	1013	973	903	853	873	840	781	792	818	801	794	796	781
950	850.11703	1075	999	954	909	870	880	843	784	790	816	797	802	796	784
951	850.67985	1082	1013	952	914	864	884	826	780	785	815	798	794	778	783
952	851.24269	1096	1026	954	942	863	888	838	785	790	824	784	784	788	791
953	851.80554	1113	1019	977	934	875	905	836	778	796	822	793	801	795	786
954	852.36842	1112	1018	973	930	861	896	834	783	790	824	804	796	792	777
955	852.93131	1148	1026	968	947	880	904	837	781	807	824	801	796	792	794
956	853.49422	1118	1049	990	916	856	915	838	790	784	827	801	794	789	801
957	854.05715	1124	1034	1015	943	870	918	852	784	780	830	816	794	787	792
958	854.6201	1145	1054	1030	953	897	922	836	768	791	828	808	812	792	790
959	855.18306	1164	1071	1030	962	881	923	856	796	787	843	806	801	796	796
960	855.74604	1175	1079	1006	948	869	904	855	795	796	825	817	794	792	780
961	856.30904	1172	1073	1035	952	895	928	855	784	789	839	811	805	799	799
962	856.87206	1174	1093	1042	970	895	934	859	793	792	848	801	802	783	796
963	857.4351	1167	1106	1038	958	892	941	855	796	804	830	819	811	804	792
964	857.99816	1201	1093	1032	962	906	932	859	789	798	840	810	802	796	805
965	858.56123	1206	1103	1041	961	905	915	861	795	805	844	813	795	805	795
966	859.12432	1237	1096	1045	986	923	932	855	797	806	846	822	804	806	793
967	859.68743	1216	1126	1061	972	924	941	875	788	807	852	818	802	794	796
968	860.25056	1220	1130	1063	982	934	952	871	794	806	844	820	806	810	793
969	860.8137	1239	1105	1061	984	930	954	871	793	800	837	813	813	803	807
970	861.37687	1254	1158	1064	1016	918	959	891	801	800	839	835	811	800	807
971	861.94005	1268	1169	1073	1009	930	939	872	799	802	854	831	819	801	795
972	862.50325	1281	1189	1115	1031	943	952	872	804	824	859	822	805	810	804
973	863.06646	1267	1167	1086	1027	940	975	877	805	805	862	824	819	808	800
974	863.6297	1303	1195	1107	986	946	963	883	815	812	862	818	803	807	790
975	864.19295	1322	1188	1110	1025	928	976	895	796	804	860	817	827	812	805
976	864.75623	1308	1194	1091	1033	928	955	877	813	814	857	830	828	813	801
977	865.31952	1305	1219	1111	1047	947	978	905	801	815	858	827	830	808	792
978	865.88282	1342	1206	1093	1057	934	992	893	801	823	876	846	836	811	803
979	866.44615	1369	1222	1132	1061	970	988	923	810	809	881	836	828	812	802
980	867.0095	1335	1230	1170	1069	946	993	894	810	814	871	832	810	818	812
981	867.57286	1387	1241	1148	1071	956	1000	927	797	812	864	837	833	820	807
982	868.13624	1398	1270	1151	1080	972	1013	895	809	812	890	852	818	814	824
983	868.69964	1356	1257	1180	1065	976	1011	904	813	822	871	838	839	809	816
984	869.26305	1373	1248	1192	1075	959	996	897	806	815	888	831	828	818	822
985	869.82649	1412	1279	1173	1084	981	1029	912	821	827	893	852	835	823	825
986	870.38994	1423	1295	1194	1088	974	1017	923	816	828	891	839	827	815	811
987	870.95341	1427	1291	1192	1078	994	1014	923	812	822	866	839	844	832	808
988	871.5169	1449	1287	1199	1097	1009	1028	929	798	821	893	863	826	820	814
989	872.08041	1450	1296	1203	1100	1006	1038	933	809	831	896	839	837	831	813
990	872.64393	1488	1326	1221	1090	996	1052	923	822	828	877	850	835	824	825
991	873.20748	1474	1307	1201	1093	992	1050	927	810	813	888	852	835	828	815
992	873.77104	1469	1328	1230	1129	994	1051	945	823	832	882	851	837	830	817
993	874.33462	1457	1348	1259	1129	1002	1068	933	820	843	897	846	836	842	815
994	874.89821	1508	1343	1217	1118	1021	1063	945	830	841	912	852	831	821	817
995	875.46183	1528	1336	1242	1146	1017	1062	956	824	840	915	863	835	832	823
996	876.02546	1491	1343	1205	1121	1005	1073	963	825	835	912	867	864	825	826
997	876.58912	1539	1345	1240	1135	1039	1065	940	826	842	913	862	853	831	830
998	877.15278	1507	1349	1277	1159	1036	1090	973	828	839	913	876	851	812	827
999	877.71647	1486	1401	1242	1148	1030	1084	952	820	825	903	864	846	845	825
1000	878.28018	1560	1366	1268	1139	1035	1101	951	820	838	907	855	826	832	832
1001	878.8439	1601	1415	1268	1151	1039	1090	950	825	840	917	871	852	837	830
1002	879.40764	1521	1372	1296	1152	1050	1079	975	819	855	924	878	858	851	837
1003	879.9714	1606	1401	1296	1166	1037	1074	971	839	843	899	865	843	831	823
1004	880.53518	1579	1399	1282	1185	1029	1080	970	827	853	917	861	856	847	839
1005	881.09898	1650	1413	1309	1183	1050	1133	976	839	837	921	878	852	835	831
1006	881.66279	1621	1378	1280	1192	1032	1110	950	834	831	929	875	866	841	830
1007	882.22663	1567	1403	1305	1179	1042	1107	969	838	835	939	875	848	836	834
1008	882.79048	1640	1431	1289	1205	1054	1098	983	832	844	909	883	856	844	838
1009	883.35435	1628	1419	1313	1222	1067	1088	963	822	855	920	882	862	855	839
1010	883.91823	1597	1446	1316	1202	1103	1127	988	833	846	939	877	859	837	817
1011	884.48214	1623	1439	1326	1220	1077	1142	979	827	862	926	890	860	840	837
1012	885.04606	1677	1483	1323	1218	1050	1098	973	836	841	940	890	870	838	837
1013	885.61	1683	1456	1334	1189	1092	1142	993	836	859	931	868	862	859	843
1014	886.17396	1694	1490	1376	1233	1083	1148	975	835	853	917	894	851	857	851
1015	886.73794	1699	1456	1384	1227	1078	1159	982	844	841	932	893	867	849	838
1016	887.30193	1689	1488	1347	1251	1083	1156	984	821	858	942	895	855	849	852
1017	887.86595	1699	1491	1376	1238	1100	1154	993	843	858	931	875	850	848	839
1018	888.42998	1683	1532	1371	1225	1084	1141	1012	839	840	926	889	865	855	839
1019	888.99403	1710	1478	1344	1257	1064	1157	983	837	856	925	881	869	854	837
1020	889.55809	1711	1550	1398	1239	1085	1156	995	846	846	955	881	876	847	838
1021	890.12218	1709	1509	1364	1268	1103	1165	993	831	862	956	912	865	864	842
1022	890.68628	1753	1517	1415	1243	1091	1150	995	841	866	941	880	889	855	835
1023	891.2504	1780	1538	1433	1259	1095	1169	1009	830	880	944	904	868	859	849
1024	891.81454	1741	1523	1414	1241	1115	1171	997	846	865	953	904	878	851	842