"Df"	"Sum Sq"	"Mean Sq"	"F value"	"Pr(>F)"
"X38"	2	15.5588235294121	7.77941176470606	2.31300647117128	0.124841484088496
"X178"	2	813.222426470607	406.611213235303	120.895306214659	6.77265987427057e-12
"X375"	2	15.5176630434783	7.75883152173915	2.30688746929806	0.125463588346407
"X404"	2	55.7489057484679	27.874452874234	8.28774614694767	0.00239000139087274
"X405"	2	12.9758846918225	6.48794234591124	1.92902151018174	0.171376702827897
"X375:X404"	1	36.0116430332452	36.0116430332452	10.7071287512127	0.00381204554428346
"X375:X405"	2	4.68508359051281	2.3425417952564	0.696494091751161	0.51001792946567
"X404:X405"	2	12.0129032258065	6.00645161290323	1.7858627193964	0.193368718167992
"Residuals"	20	67.2666666666666	3.36333333333333	NA	NA
