"Df"	"Sum Sq"	"Mean Sq"	"F value"	"Pr(>F)"
"c178"	5	1121.68181585677	224.336363171355	96.0505553587646	9.81370363718009e-17
"c280"	1	80.7312443438937	80.7312443438937	34.5654210686841	2.5339243855424e-06
"c375"	2	24.0213186813197	12.0106593406599	5.14241420154491	0.0125267546247412
"c404"	2	24.9645016142075	12.4822508071038	5.34432806701929	0.0108153708225973
"c405"	2	13.7236165233715	6.86180826168573	2.93791200402428	0.0694631202140443
"c375:c404"	1	16.4666519963352	16.4666519963352	7.05026615742811	0.0129272935756064
"c375:c405"	2	1.07329109058118	0.536645545290592	0.22976704234345	0.796202315221231
"c404:c405"	2	2.31208163265294	1.15604081632647	0.494963727038503	0.614826586368151
"Residuals"	28	65.3970000000084	2.33560714285744	NA	NA
