	V1	V5	V6	V7	V8	V9	V10	V11	V12	V13	V14	V15	V16	V17	V18	V19	V20	V21
1	324.29638	790	755	748	753	744	812	759	748	745	746	742	746	745	746	740	743	744
2	324.83296	794	759	751	752	747	803	764	736	744	746	742	738	738	742	739	744	746
3	325.3696	795	748	751	748	752	821	758	742	741	741	742	741	744	736	748	747	733
4	325.90628	789	755	750	754	747	813	758	739	739	740	740	743	741	747	741	746	737
5	326.44301	799	751	752	754	748	804	767	739	744	743	746	746	739	742	746	745	739
6	326.97979	783	749	759	754	755	798	762	742	747	743	743	740	747	737	743	737	742
7	327.51662	793	762	751	757	756	799	760	738	739	740	746	741	733	742	742	739	746
8	328.05349	787	754	767	768	749	799	766	748	745	754	746	742	742	741	752	742	735
9	328.59042	787	752	755	759	755	798	759	746	746	749	747	739	737	739	742	740	735
10	329.12739	796	753	755	747	748	804	761	740	742	742	741	744	745	748	740	738	744
11	329.6644	790	751	752	758	755	819	764	744	741	740	741	741	737	748	743	736	747
12	330.20147	794	756	750	754	752	805	761	735	748	738	736	743	747	737	745	740	747
13	330.73858	787	749	758	760	757	801	753	751	739	748	745	740	743	744	742	749	746
14	331.27574	786	750	756	751	747	804	751	743	743	745	746	747	743	748	743	744	739
15	331.81295	789	754	750	749	754	809	767	743	749	743	740	737	742	741	739	740	735
16	332.3502	792	754	749	759	758	812	763	743	748	747	746	746	741	741	745	738	745
17	332.88751	792	752	755	753	755	814	763	744	739	746	740	741	740	743	743	740	747
18	333.42486	781	749	757	754	754	793	757	744	745	747	735	740	736	739	741	744	748
19	333.96226	796	749	758	756	756	796	765	746	743	746	744	739	741	744	738	745	740
20	334.4997	799	763	754	759	755	811	759	741	743	744	743	740	738	749	742	750	737
21	335.0372	796	754	755	754	760	810	762	744	743	743	750	746	739	743	744	743	742
22	335.57474	792	752	751	756	760	801	762	738	736	744	739	744	739	739	740	745	741
23	336.11233	782	753	745	750	750	808	767	742	737	744	741	737	742	740	739	740	740
24	336.64996	800	755	754	755	749	799	758	743	745	744	747	745	746	749	746	746	740
25	337.18765	791	757	750	759	755	801	761	749	746	744	734	747	740	743	741	746	749
26	337.72538	794	751	754	757	758	811	754	747	739	738	744	740	744	740	746	742	743
27	338.26316	788	756	754	758	746	815	759	745	742	737	742	745	741	747	746	741	743
28	338.80099	799	755	754	753	753	813	761	749	744	741	741	745	746	749	749	739	739
29	339.33886	790	761	753	758	750	802	761	742	745	741	742	747	743	748	738	740	749
30	339.87679	799	763	749	767	754	801	759	747	742	739	747	742	748	738	741	744	740
31	340.41476	790	765	755	757	756	809	764	746	750	742	743	739	739	741	740	739	742
32	340.95277	795	752	754	757	755	811	762	748	742	744	738	740	747	743	743	744	739
33	341.49084	790	753	759	750	755	816	765	743	743	746	751	742	740	746	745	738	744
34	342.02895	787	758	753	755	753	822	759	739	742	741	740	750	742	745	745	744	744
35	342.56711	802	755	756	759	746	808	770	746	742	745	742	743	747	740	744	739	742
36	343.10532	791	760	754	756	753	808	758	751	748	743	749	752	746	744	748	742	744
37	343.64358	785	761	749	761	748	794	767	741	745	745	743	745	748	743	747	749	750
38	344.18188	792	760	759	757	760	814	759	746	747	740	745	743	743	748	746	740	738
39	344.72024	789	759	760	758	751	811	763	742	743	743	744	750	738	741	742	744	745
40	345.25864	788	759	755	765	756	806	768	743	745	737	735	741	742	744	739	743	748
41	345.79708	794	755	755	755	748	811	762	749	745	744	739	746	743	744	747	743	744
42	346.33558	784	758	756	758	755	808	765	750	742	735	739	747	743	750	752	743	742
43	346.87412	788	754	759	761	749	820	767	739	749	739	745	754	738	742	748	744	747
44	347.41271	794	758	758	750	749	818	760	744	739	746	740	744	744	743	744	748	746
45	347.95135	797	747	748	745	751	815	762	739	753	740	744	743	739	742	742	747	741
46	348.49003	797	757	755	756	752	817	765	741	741	741	743	747	743	745	741	742	742
47	349.02877	796	762	758	758	750	820	759	744	742	742	743	744	743	740	741	733	741
48	349.56755	806	751	750	759	754	814	771	742	749	748	752	737	745	743	746	739	739
49	350.10638	787	757	755	754	754	814	769	744	747	741	743	747	745	736	745	746	743
50	350.64525	797	754	751	753	756	810	759	739	743	740	744	747	739	741	744	742	741
51	351.18418	795	763	756	759	746	816	757	745	744	740	748	739	741	743	748	744	742
52	351.72315	789	760	748	756	766	813	771	753	752	744	748	751	746	748	749	747	746
53	352.26217	794	761	753	757	761	806	760	749	739	743	745	741	740	735	742	743	744
54	352.80123	786	753	758	748	754	812	763	750	739	746	752	745	749	749	739	740	743
55	353.34035	799	763	759	764	761	809	767	754	745	746	750	753	753	746	745	741	744
56	353.87951	800	760	756	763	755	812	767	748	742	750	739	750	748	745	743	746	737
57	354.41872	791	761	758	757	745	813	759	744	750	740	744	746	743	745	737	744	744
58	354.95798	800	760	759	753	758	809	761	748	745	746	743	745	745	749	748	745	739
59	355.49728	785	766	752	752	756	813	757	738	744	745	741	741	752	741	739	739	742
60	356.03663	792	763	761	754	758	815	765	747	739	749	750	745	746	743	746	743	744
61	356.57604	802	755	759	755	753	814	756	752	751	744	743	744	753	743	741	745	751
62	357.11548	792	768	757	763	759	822	771	748	747	748	741	745	745	743	749	746	746
63	357.65498	805	754	760	770	751	814	764	743	742	749	743	743	739	745	744	747	746
64	358.19452	801	761	759	758	755	811	771	749	746	740	743	751	754	754	745	739	743
65	358.73411	792	760	757	763	753	811	762	756	750	744	742	747	745	739	745	745	739
66	359.27375	799	759	758	759	750	813	767	739	740	744	751	743	742	740	747	736	738
67	359.81344	788	763	752	758	759	819	762	741	744	742	744	748	733	745	743	744	740
68	360.35317	793	762	762	759	763	819	767	751	741	742	744	743	742	745	747	743	746
69	360.89295	798	754	756	770	755	826	765	745	746	739	743	742	740	742	746	748	747
70	361.43278	809	757	758	765	749	810	775	747	745	741	747	748	743	740	740	743	740
71	361.97266	810	761	761	761	759	823	761	757	743	745	753	743	744	741	748	743	740
72	362.51259	798	761	755	767	752	824	770	742	746	746	740	746	745	740	740	743	745
73	363.05256	809	759	767	762	751	822	763	747	748	749	742	744	741	741	744	750	742
74	363.59258	793	753	759	752	752	824	771	742	738	746	749	741	748	739	747	745	745
75	364.13265	802	771	755	760	753	822	763	745	742	744	740	746	737	739	745	749	747
76	364.67276	802	769	755	756	759	825	766	745	750	735	745	742	742	744	738	739	741
77	365.21292	796	762	758	759	760	818	763	743	747	747	742	746	745	747	743	740	749
78	365.75314	794	762	758	760	759	819	777	745	749	743	748	739	749	747	744	747	741
79	366.29339	801	761	759	759	755	820	762	753	749	744	743	748	750	743	747	744	740
80	366.8337	809	763	758	765	759	811	765	751	744	746	751	744	746	747	748	748	747
81	367.37405	807	763	764	761	749	819	759	747	745	742	735	751	742	746	747	739	743
82	367.91446	803	758	763	765	763	816	771	746	740	746	749	743	742	740	741	745	740
83	368.4549	816	766	765	757	747	843	763	748	746	744	739	748	744	744	745	744	748
84	368.9954	819	752	760	763	757	841	778	754	749	748	745	747	748	748	751	742	742
85	369.53595	804	766	759	767	762	831	767	744	744	742	744	745	741	743	749	750	740
86	370.07654	805	764	756	767	755	824	771	751	749	747	751	741	750	751	750	744	748
87	370.61718	809	762	763	752	764	827	762	747	743	738	754	742	741	746	744	750	754
88	371.15786	810	767	764	758	768	841	766	745	749	735	743	747	742	749	751	747	746
89	371.6986	791	758	752	766	769	832	767	746	744	739	750	748	747	741	735	745	747
90	372.23938	814	760	759	759	748	830	759	753	741	749	741	746	741	744	742	740	742
91	372.78021	796	762	747	760	749	825	767	750	740	742	746	747	743	745	747	746	743
92	373.32109	821	760	766	769	756	835	775	741	744	740	742	744	742	738	745	746	744
93	373.86202	794	762	765	767	760	849	774	749	743	744	747	746	743	750	750	749	744
94	374.40299	810	767	767	765	757	824	770	753	750	749	746	740	741	745	750	741	742
95	374.94401	813	763	767	758	758	839	766	745	745	754	745	747	743	740	742	743	742
96	375.48508	817	762	763	764	763	828	767	749	754	745	744	748	753	742	747	755	747
97	376.0262	811	766	763	769	762	849	766	748	743	744	747	749	752	741	749	740	743
98	376.56736	811	765	763	764	756	832	776	748	745	746	749	749	744	746	738	751	743
99	377.10857	816	769	762	771	752	839	773	742	747	743	745	749	744	746	744	742	738
100	377.64983	810	758	755	766	752	854	767	756	745	752	747	744	746	743	741	747	744
101	378.19114	808	768	767	764	760	843	765	747	742	744	739	753	749	747	747	745	742
102	378.73249	802	763	760	764	757	843	764	746	739	747	739	744	742	741	745	740	747
103	379.2739	811	771	766	774	762	820	777	746	744	742	747	744	744	752	743	749	744
104	379.81535	821	768	769	766	754	847	772	753	743	743	751	745	744	750	747	743	742
105	380.35684	825	766	766	764	759	846	767	754	747	745	749	744	739	743	750	741	754
106	380.89839	813	767	755	771	760	841	777	750	748	746	741	750	746	743	745	744	752
107	381.43998	804	765	755	758	760	848	772	746	749	745	747	746	744	751	741	748	740
108	381.98162	818	766	771	765	768	847	782	744	746	753	747	741	744	741	743	744	741
109	382.52331	831	765	760	765	764	847	784	757	743	741	743	755	750	743	749	751	743
110	383.06505	831	776	755	768	767	855	774	748	743	749	745	747	752	746	741	747	746
111	383.60683	828	766	763	771	758	854	777	745	747	744	742	745	743	746	749	741	737
112	384.14866	832	770	759	768	767	859	783	746	748	746	745	741	739	743	746	739	747
113	384.69054	839	769	776	771	767	852	781	746	740	751	736	746	747	745	743	745	749
114	385.23247	834	770	767	765	768	863	771	754	744	746	746	748	747	740	742	748	746
115	385.77444	832	765	768	774	768	873	779	751	755	742	749	749	744	744	745	743	745
116	386.31646	838	767	767	767	750	870	783	750	747	746	746	746	749	752	746	745	748
117	386.85853	825	756	765	768	765	871	775	754	739	749	741	748	746	743	738	749	748
118	387.40065	827	767	761	771	753	884	779	746	740	747	748	745	745	743	748	748	749
119	387.94282	833	774	760	766	767	864	791	742	746	742	745	750	742	749	750	745	745
120	388.48503	848	765	770	759	769	883	777	749	747	764	750	743	745	746	746	749	750
121	389.02729	854	769	775	771	763	858	790	751	747	749	747	746	754	755	742	750	746
122	389.5696	849	780	775	766	766	891	775	746	745	744	741	746	749	743	737	744	748
123	390.11195	841	777	765	771	776	891	787	750	743	747	750	750	743	745	745	747	748
124	390.65436	862	766	773	772	766	880	780	757	740	742	743	748	749	749	741	747	750
125	391.19681	868	773	766	776	762	881	776	748	743	744	747	744	751	743	739	744	741
126	391.73931	868	777	760	779	756	900	780	748	747	747	746	744	743	748	745	740	745
127	392.28185	861	764	765	773	761	912	783	747	745	747	746	749	744	740	739	742	744
128	392.82445	865	772	764	783	771	927	790	755	750	747	745	744	748	747	747	749	744
129	393.36709	863	780	777	782	786	899	792	746	752	750	755	750	746	749	746	753	747
130	393.90978	872	784	767	788	775	911	793	758	750	754	749	754	746	743	753	754	741
131	394.45252	871	775	779	783	773	912	788	755	748	747	744	745	743	752	745	746	744
132	394.9953	880	775	781	779	782	911	800	751	754	747	746	746	754	744	747	748	745
133	395.53813	870	786	776	785	779	928	799	750	746	749	754	755	752	748	743	738	747
134	396.08101	889	797	781	788	778	923	800	751	748	743	741	738	741	750	743	749	746
135	396.62394	886	783	776	774	776	948	798	760	748	744	747	752	745	750	746	738	743
136	397.16692	897	786	778	787	779	954	800	756	750	743	746	752	749	743	744	750	747
137	397.70994	906	791	774	791	778	960	793	752	750	744	745	753	744	747	747	747	749
138	398.25301	914	800	789	787	782	994	817	746	749	745	745	751	752	738	746	747	736
139	398.79613	921	799	788	795	788	989	822	766	747	747	748	749	750	746	751	751	746
140	399.33929	940	794	788	807	794	1027	823	746	742	749	750	747	751	755	743	752	750
141	399.88251	956	813	797	803	796	1033	842	764	752	759	755	756	755	749	756	760	755
142	400.42577	933	804	803	801	794	1041	821	761	758	750	751	750	757	742	751	758	754
143	400.96908	981	811	803	814	790	1071	831	759	752	754	751	754	752	751	744	753	750
144	401.51243	998	807	810	812	794	1065	823	755	747	745	758	753	745	744	743	748	748
145	402.05584	981	816	813	807	791	1103	850	757	743	750	739	745	748	750	746	746	750
146	402.59929	1015	822	814	826	786	1132	852	755	747	748	747	743	746	752	744	752	747
147	403.14279	1017	822	813	822	808	1131	855	758	744	746	745	747	743	738	753	754	744
148	403.68634	1041	825	822	831	808	1168	866	757	752	758	744	749	749	748	743	747	752
149	404.22993	1079	832	837	849	803	1230	864	758	753	752	748	746	741	746	750	747	749
150	404.77358	1099	849	824	838	823	1204	892	762	748	750	749	753	742	746	750	747	748
151	405.31727	1104	853	824	862	815	1255	895	757	746	751	753	749	746	751	742	754	754
152	405.861	1152	860	839	855	831	1339	895	763	748	753	758	753	752	750	750	752	747
153	406.40479	1174	871	833	869	836	1370	916	759	751	756	755	761	744	755	748	755	753
154	406.94862	1219	871	862	871	838	1390	930	767	751	758	756	754	755	747	749	757	747
155	407.4925	1254	880	863	896	855	1446	960	762	755	747	758	750	746	750	755	750	745
156	408.03643	1288	893	868	903	851	1506	958	766	758	749	751	747	753	747	752	742	739
157	408.58041	1330	899	890	915	878	1572	979	767	751	759	750	754	754	741	749	754	749
158	409.12443	1362	910	912	907	865	1662	995	761	749	751	751	754	761	745	745	753	750
159	409.66851	1456	921	922	926	894	1775	1012	772	757	757	756	761	753	748	745	746	749
160	410.21262	1481	972	936	968	889	1839	1060	778	759	746	749	756	755	754	749	745	749
161	410.75679	1575	971	955	978	919	1923	1077	781	757	760	753	761	760	754	755	750	754
162	411.30101	1652	993	935	989	920	1949	1094	776	757	752	750	770	752	751	754	759	754
163	411.84527	1728	1012	979	1000	936	2112	1130	792	755	763	756	767	757	755	748	753	754
164	412.38958	1820	1058	1001	1041	947	2205	1184	788	763	768	760	776	759	745	747	754	752
165	412.93394	1908	1056	1024	1052	963	2343	1182	791	760	757	750	767	759	753	756	759	751
166	413.47834	1984	1076	1029	1091	979	2408	1257	800	757	760	762	776	756	754	748	761	750
167	414.02279	2170	1132	1054	1133	1003	2635	1286	806	762	771	756	775	760	747	755	751	755
168	414.5673	2201	1174	1120	1143	1044	2781	1279	815	767	760	755	769	760	762	752	751	752
169	415.11184	2363	1166	1121	1189	1047	2945	1342	813	770	763	764	779	759	760	757	758	759
170	415.65644	2438	1195	1147	1224	1099	3130	1411	821	766	761	761	781	763	753	754	748	747
171	416.20108	2607	1258	1165	1266	1126	3307	1515	820	776	767	763	783	763	756	752	765	764
172	416.74577	2760	1263	1208	1341	1140	3496	1485	828	768	767	763	780	770	763	763	765	747
173	417.29051	2894	1299	1265	1350	1175	3788	1595	833	774	771	767	787	769	765	759	755	757
174	417.8353	3073	1371	1317	1393	1214	3983	1638	819	780	776	774	793	769	763	756	757	753
175	418.38013	3238	1431	1320	1453	1244	4168	1747	857	783	773	770	784	766	761	766	757	754
176	418.92502	3461	1462	1369	1450	1278	4433	1785	870	789	775	773	805	765	772	760	761	756
177	419.46995	3662	1547	1417	1542	1327	4811	1890	867	782	787	775	816	770	767	752	763	761
178	420.01492	3911	1599	1492	1616	1361	5003	1967	898	783	784	771	814	777	768	763	756	751
179	420.55995	4139	1665	1533	1710	1369	5368	2053	892	791	793	782	809	780	762	765	769	761
180	421.10502	4314	1700	1577	1763	1457	5641	2197	891	791	785	788	805	781	771	767	757	763
181	421.65014	4532	1807	1628	1811	1444	6039	2205	914	791	794	790	806	784	783	765	767	763
182	422.19531	4842	1861	1668	1863	1530	6331	2335	932	792	794	781	820	783	779	768	776	770
183	422.74052	5138	1955	1751	1955	1552	6699	2443	927	807	803	793	835	792	779	764	774	768
184	423.28579	5487	2028	1823	1996	1641	7134	2535	925	805	802	789	836	782	779	759	776	763
185	423.8311	5823	2151	1867	2119	1730	7524	2661	958	809	814	787	830	805	779	771	771	775
186	424.37646	6125	2207	1986	2178	1744	7950	2841	964	807	809	796	861	801	773	765	778	774
187	424.92186	6300	2278	2014	2326	1800	8342	2968	995	822	821	793	843	800	796	766	780	777
188	425.46732	6689	2364	2137	2438	1908	8801	3061	992	824	823	813	870	806	786	771	786	773
189	426.01282	7122	2454	2203	2496	1920	9191	3209	989	828	830	802	855	808	788	771	783	777
190	426.55837	7427	2564	2318	2547	2004	9801	3304	1018	821	820	819	879	802	783	780	789	783
191	427.10397	7890	2695	2367	2679	2086	10261	3443	1039	841	826	822	880	811	787	778	792	777
192	427.64961	8201	2773	2462	2813	2126	10725	3636	1063	839	843	813	874	823	806	774	804	778
193	428.1953	8591	2856	2548	2919	2203	11128	3699	1061	846	834	820	895	824	808	784	793	786
194	428.74104	8902	2970	2612	3015	2308	11871	3875	1094	845	842	817	886	829	805	786	797	781
195	429.28683	9360	3033	2725	3104	2384	12466	4126	1088	867	835	842	904	831	816	788	794	790
196	429.83267	9740	3174	2814	3176	2435	12888	4164	1160	859	856	831	905	828	810	786	796	787
197	430.37855	10251	3327	2915	3357	2579	13386	4407	1156	861	883	831	923	852	814	792	800	791
198	430.92448	10675	3381	2961	3451	2568	13975	4540	1147	895	875	867	933	848	829	796	803	788
199	431.47046	11083	3568	3080	3574	2740	14599	4739	1195	874	878	847	935	824	826	798	810	795
200	432.01648	11442	3678	3229	3719	2828	14972	4921	1176	879	883	844	963	851	816	790	808	794
201	432.56256	11772	3802	3311	3841	2854	15666	5149	1219	899	875	854	972	864	822	805	819	818
202	433.10868	12520	3954	3392	3979	2915	16148	5271	1231	903	888	841	971	881	832	801	811	808
203	433.65485	12976	4088	3477	4065	3059	16714	5461	1271	915	885	866	985	876	829	803	829	802
204	434.20106	13411	4133	3591	4163	3129	17446	5612	1257	902	900	886	987	877	844	807	813	805
205	434.74733	13674	4226	3694	4314	3189	17893	5684	1279	919	887	865	1004	881	825	808	828	815
206	435.29364	14179	4363	3853	4429	3270	18510	5934	1336	940	926	892	1006	879	847	810	818	822
207	435.84	14670	4563	3878	4533	3359	19065	6053	1348	916	902	879	997	875	827	807	835	807
208	436.38641	15008	4633	3929	4742	3400	19714	6328	1361	929	926	890	1011	888	844	826	842	816
209	436.93286	15332	4744	4055	4775	3487	20283	6443	1387	934	933	915	1043	887	854	829	854	816
210	437.47936	15774	4824	4282	4918	3687	20596	6616	1392	946	918	893	1033	895	857	814	839	818
211	438.02592	16352	4953	4255	4996	3690	21457	6684	1405	963	934	903	1051	892	855	834	841	812
212	438.57251	16647	5117	4356	5090	3824	21778	6928	1439	957	924	904	1064	894	858	824	848	823
213	439.11916	17204	5241	4423	5213	3842	22315	6991	1430	967	942	908	1067	890	874	823	840	824
214	439.66585	17567	5296	4558	5336	3920	22853	7184	1428	966	945	918	1081	889	854	821	854	831
215	440.21259	17893	5502	4673	5440	4006	23501	7345	1470	959	953	901	1087	936	872	818	848	832
216	440.75938	18432	5538	4759	5577	4114	23939	7610	1498	983	959	910	1101	920	859	823	872	839
217	441.30622	18663	5672	4729	5731	4115	24224	7645	1504	994	965	938	1120	918	878	837	845	843
218	441.8531	19196	5927	4975	5763	4317	25106	7845	1506	971	966	933	1117	940	908	830	857	820
219	442.40003	19507	5871	4935	5874	4319	25124	7889	1518	1002	962	924	1101	928	891	837	870	832
220	442.94701	19778	5891	5006	5886	4347	25703	7987	1522	990	970	936	1131	928	883	839	867	846
221	443.49404	20159	6031	5207	6016	4438	26107	8185	1587	986	963	920	1112	946	885	842	857	830
222	444.04111	20514	6056	5161	6193	4490	26588	8259	1592	981	969	943	1123	952	872	850	865	851
223	444.58824	20810	6263	5280	6219	4500	26947	8381	1569	1027	986	953	1116	931	885	837	872	835
224	445.13541	21182	6251	5351	6303	4515	27252	8530	1602	1016	985	939	1146	961	900	837	875	844
225	445.68262	21245	6303	5412	6399	4614	27545	8548	1617	995	990	963	1155	969	905	846	866	842
226	446.22989	21678	6456	5460	6450	4678	27909	8714	1603	1010	1000	960	1147	958	895	841	876	867
227	446.7772	21663	6452	5655	6531	4710	28339	8806	1639	1032	993	965	1155	958	913	838	884	854
228	447.32456	22131	6624	5580	6686	4838	28572	8896	1655	1007	996	955	1170	964	899	856	874	841
229	447.87197	22376	6546	5618	6656	4823	29006	9053	1706	1048	1013	970	1173	956	901	852	904	852
230	448.41943	22575	6649	5663	6670	4875	29285	9139	1691	1029	995	971	1189	956	899	841	902	858
231	448.96693	22949	6740	5782	6765	5010	29421	9113	1674	1042	1015	950	1182	983	892	843	899	850
232	449.51448	22971	6845	5754	6839	4958	29678	9267	1719	1034	1001	974	1137	976	907	841	888	839
233	450.06208	23060	6976	5779	6683	4958	29975	9327	1713	1048	1012	971	1198	997	916	847	883	860
234	450.60973	23171	6928	5813	6865	5115	29996	9376	1731	1051	1011	965	1183	964	908	844	885	853
235	451.15742	23405	7006	5895	6949	5100	30275	9321	1723	1045	1018	982	1191	967	904	858	892	854
236	451.70516	23600	7009	6012	7012	5121	30520	9422	1742	1045	1016	959	1181	968	904	857	882	854
237	452.25295	23548	7114	5890	7032	5148	30352	9507	1735	1039	1020	995	1179	962	920	862	884	841
238	452.80079	23726	6987	6170	7079	5115	30755	9585	1699	1059	1025	983	1219	982	911	853	895	848
239	453.34868	24100	7082	5978	7135	5156	31074	9622	1736	1051	1035	973	1191	1014	903	862	890	863
240	453.89661	24115	7083	5956	7150	5184	31113	9707	1711	1052	1005	963	1226	988	907	863	898	873
241	454.44459	24218	7157	6075	7156	5267	31180	9763	1749	1065	1012	979	1241	980	910	849	885	883
242	454.99262	24378	7144	6066	7088	5262	31077	9672	1749	1053	1045	997	1210	978	928	866	886	868
243	455.54069	24506	7351	6082	7239	5235	31365	9743	1789	1058	1032	1000	1196	999	926	852	907	842
244	456.08881	24422	7277	6108	7248	5289	31341	9683	1745	1064	1030	993	1202	994	928	876	895	866
245	456.63699	24381	7231	6212	7257	5277	31518	9823	1783	1062	1026	980	1222	990	919	866	894	859
246	457.1852	24599	7274	6068	7285	5366	31511	9752	1812	1061	1018	984	1234	987	904	864	886	839
247	457.73347	24462	7296	6100	7244	5292	31707	9802	1771	1049	1026	979	1204	982	908	859	902	859
248	458.28178	24541	7302	6178	7288	5283	31847	9750	1748	1068	1036	990	1204	981	923	858	884	876
249	458.83015	24763	7398	6098	7217	5342	31804	9926	1752	1077	1046	982	1204	999	917	855	895	855
250	459.37856	24676	7432	6104	7263	5309	31822	9812	1767	1053	1037	987	1222	984	935	851	913	862
251	459.92701	24729	7321	6187	7330	5363	31714	9749	1784	1075	1016	991	1211	988	921	855	897	853
252	460.47552	24763	7456	6242	7266	5281	31783	10012	1789	1055	1025	979	1189	997	927	865	899	868
253	461.02407	24831	7354	6097	7234	5449	31776	9864	1782	1044	1046	995	1231	1016	917	854	919	865
254	461.57267	24735	7304	6163	7333	5334	31897	10049	1748	1030	1026	976	1228	1015	914	852	910	862
255	462.12132	24700	7434	6119	7277	5348	31816	9899	1776	1077	1046	993	1222	1002	914	851	910	866
256	462.67001	24813	7207	6196	7367	5319	31674	9811	1782	1063	1033	1014	1205	965	932	856	902	887
257	463.21875	24534	7378	6198	7200	5355	31813	9824	1786	1078	1017	979	1212	991	897	856	910	877
258	463.76754	24741	7475	6214	7378	5349	31767	9803	1749	1061	1050	997	1203	986	923	850	904	849
259	464.31638	24782	7418	6161	7310	5270	31467	9740	1758	1072	1011	1006	1211	979	918	861	888	859
260	464.86527	24610	7345	6117	7262	5312	31540	9852	1811	1043	1028	997	1213	1001	910	851	912	877
261	465.4142	24627	7272	6085	7330	5375	31614	9833	1797	1068	1042	1011	1201	995	935	861	895	865
262	465.96318	24530	7241	6065	7281	5234	31283	9748	1735	1066	1044	997	1202	979	931	853	911	861
263	466.51221	24649	7288	6175	7173	5361	31323	9861	1773	1073	1011	993	1204	994	920	850	887	855
264	467.06129	24551	7164	6178	7241	5329	31329	9705	1771	1077	1028	975	1214	984	904	866	911	859
265	467.61041	24465	7289	6191	7129	5386	31060	9675	1759	1051	1011	986	1207	982	919	856	895	871
266	468.15959	24116	7213	6194	7145	5300	30993	9631	1752	1063	1016	967	1179	994	905	850	901	878
267	468.7088	24255	7249	6091	7107	5298	30988	9771	1767	1059	1031	965	1198	978	908	857	906	857
268	469.25807	23933	7198	5954	7111	5237	30806	9567	1757	1058	1030	971	1218	1007	902	859	897	880
269	469.80739	23905	7121	6060	7076	5256	30827	9558	1758	1050	1018	998	1201	969	919	859	885	864
270	470.35675	23832	7192	6000	7029	5227	30545	9423	1744	1050	1017	1000	1182	1004	914	858	898	869
271	470.90616	23722	7134	5834	7016	5217	30556	9503	1755	1054	1032	972	1196	989	932	858	900	845
272	471.45562	23686	7177	5900	7014	5213	30331	9481	1699	1047	1037	968	1220	978	910	859	902	863
273	472.00512	23643	7208	5947	7031	5183	30231	9392	1742	1041	1045	995	1201	975	909	841	893	850
274	472.55468	23394	7078	5993	6880	5180	30039	9380	1739	1035	1006	967	1187	962	913	846	908	849
275	473.10428	23421	6979	5930	6915	5164	29781	9278	1699	1061	1002	978	1172	975	908	834	883	844
276	473.65393	23187	6907	5797	6911	5096	29714	9251	1692	1061	1002	995	1208	987	903	855	886	859
277	474.20362	23236	6905	5768	6774	5007	29713	9282	1720	1064	1015	987	1162	968	919	856	892	850
278	474.75337	22899	6995	5887	6879	4979	29398	9070	1693	1050	1017	971	1174	980	926	859	894	852
279	475.30316	23036	6895	5763	6764	5079	29152	9042	1677	1043	1016	966	1174	949	893	852	895	868
280	475.853	22799	6846	5819	6613	5052	29077	9073	1658	1077	998	971	1171	990	898	867	908	860
281	476.40288	22586	6831	5699	6730	4952	29070	9025	1685	1046	1000	965	1189	985	895	848	891	869
282	476.95282	22504	6696	5657	6698	4963	28578	8963	1662	1027	990	961	1156	957	906	851	897	847
283	477.5028	22494	6746	5687	6581	4954	28371	8943	1672	1024	1015	961	1161	976	910	838	873	867
284	478.05283	22043	6660	5671	6547	4920	27991	8879	1700	1029	987	965	1163	951	903	851	871	867
285	478.60291	22094	6680	5632	6613	4863	27897	8781	1704	1041	999	967	1147	946	912	838	896	856
286	479.15303	21985	6643	5587	6494	4855	27683	8810	1668	1037	1011	953	1158	955	930	843	877	860
287	479.70321	21897	6542	5596	6575	4848	27664	8725	1638	1040	995	948	1159	968	899	854	876	847
288	480.25343	21589	6651	5567	6494	4793	27690	8554	1645	1026	988	950	1159	966	893	842	877	856
289	480.80369	21383	6479	5494	6487	4859	27365	8609	1631	1020	993	967	1154	966	900	842	895	838
290	481.35401	21364	6351	5375	6481	4768	27221	8538	1620	1017	999	950	1125	942	912	837	873	849
291	481.90437	21237	6384	5482	6356	4703	27163	8491	1607	1016	980	951	1130	957	882	835	882	835
292	482.45478	21225	6461	5368	6246	4694	26809	8464	1603	1019	985	960	1146	966	891	836	899	846
293	483.00524	20908	6285	5332	6262	4753	26703	8331	1637	1030	1005	964	1139	959	901	841	881	864
294	483.55575	21005	6286	5286	6229	4708	26530	8264	1631	992	985	967	1156	971	899	839	892	827
295	484.1063	20553	6214	5252	6125	4677	26181	8180	1599	1026	963	948	1136	949	886	833	872	840
296	484.65691	20493	6212	5240	6327	4573	25956	8274	1594	991	972	948	1142	951	900	843	881	847
297	485.20756	20274	6180	5299	6180	4573	25827	8171	1580	991	987	932	1142	939	898	829	874	856
298	485.75825	20181	6097	5237	6084	4577	25679	8074	1570	1016	960	943	1113	936	866	845	891	851
299	486.309	20023	6110	5173	6052	4492	25731	7997	1591	1012	981	977	1120	947	887	849	871	839
300	486.85979	20070	6063	5105	6045	4491	25326	8002	1585	1003	971	978	1130	940	891	837	884	833
301	487.41063	19881	6040	5174	6008	4553	25047	8033	1586	986	968	952	1131	953	905	853	879	844
302	487.96152	19638	6024	5123	5927	4479	24886	7980	1570	996	965	952	1140	947	881	833	880	841
303	488.51245	19528	6001	5080	5947	4550	24840	7838	1566	990	978	934	1112	957	882	848	857	835
304	489.06344	19602	6038	5023	5917	4431	24691	7901	1501	1016	979	944	1106	943	891	831	866	834
305	489.61447	19137	5907	5111	5783	4435	24841	7716	1539	985	960	934	1113	950	895	828	862	843
306	490.16555	19330	5857	5061	5788	4388	24391	7774	1545	1001	981	939	1109	932	889	840	859	838
307	490.71667	19128	5796	4984	5818	4382	24260	7724	1501	986	951	924	1100	936	879	836	865	851
308	491.26785	18985	5877	4928	5756	4342	23963	7672	1555	982	970	947	1097	945	875	839	868	839
309	491.81907	18811	5800	4853	5760	4274	23899	7608	1544	998	962	951	1087	931	878	828	855	844
310	492.37034	18841	5730	4863	5728	4291	23782	7531	1538	996	968	938	1107	946	874	831	860	825
311	492.92165	18777	5644	4873	5622	4308	23555	7453	1501	969	974	939	1119	927	878	827	857	844
312	493.47302	18602	5666	4742	5605	4342	23475	7372	1522	963	957	934	1078	910	879	842	868	834
313	494.02443	18489	5604	4809	5586	4250	23284	7344	1496	978	938	932	1096	923	866	827	863	837
314	494.57589	18268	5582	4762	5599	4270	23242	7334	1551	991	945	933	1099	923	878	834	859	848
315	495.1274	18218	5579	4785	5639	4171	23042	7261	1509	976	942	926	1106	938	875	827	855	832
316	495.67895	17831	5605	4754	5569	4219	22795	7135	1500	985	949	947	1064	942	865	834	851	835
317	496.23056	18038	5529	4736	5396	4139	22599	7129	1526	977	943	925	1098	926	868	820	874	840
318	496.78221	17710	5431	4720	5443	4088	22729	7180	1508	973	938	928	1088	913	854	823	848	831
319	497.3339	17810	5463	4674	5474	4116	22522	7101	1525	987	962	921	1070	928	861	838	853	843
320	497.88565	17526	5443	4640	5482	4167	22169	7026	1477	985	955	924	1096	914	863	828	855	830
321	498.43744	17511	5457	4553	5496	4036	22035	7054	1476	982	952	945	1095	920	866	840	852	836
322	498.98928	17615	5479	4599	5412	4036	22042	7070	1448	947	944	921	1065	927	866	835	867	837
323	499.54117	17399	5340	4605	5433	4131	22198	6906	1474	983	951	922	1080	946	861	824	863	837
324	500.09311	17187	5382	4560	5243	4043	21759	6918	1477	968	958	923	1081	926	876	825	850	830
325	500.64509	17177	5249	4501	5313	4060	21534	6797	1451	969	973	912	1069	930	865	828	850	859
326	501.19713	17132	5249	4445	5282	4051	21763	6844	1485	982	926	934	1085	929	886	813	852	833
327	501.74921	16926	5187	4485	5222	4003	21260	6860	1451	956	928	920	1086	908	870	839	861	831
328	502.30133	16819	5248	4475	5140	3981	21358	6821	1453	971	955	915	1071	895	868	812	860	832
329	502.85351	16867	5203	4548	5199	3922	21195	6699	1453	950	941	915	1064	900	863	816	847	820
330	503.40573	16649	5275	4550	5189	3916	21217	6792	1432	976	935	901	1055	938	859	814	850	828
331	503.958	16591	5185	4437	5145	3911	20990	6635	1451	966	922	923	1064	905	854	825	840	823
332	504.51032	16354	5157	4350	5078	3902	20932	6675	1419	970	933	915	1068	899	847	820	856	831
333	505.06268	16421	5072	4369	5061	3972	20722	6585	1434	969	926	890	1057	907	862	816	840	839
334	505.6151	16305	5052	4346	5113	3840	20578	6543	1427	955	947	908	1036	914	867	828	848	832
335	506.16756	16192	5031	4331	5013	3843	20622	6502	1430	949	913	894	1024	912	857	818	845	827
336	506.72007	16369	5038	4328	5027	3875	20378	6444	1413	935	932	900	1032	903	856	831	847	825
337	507.27262	15879	4944	4296	5042	3799	20109	6543	1411	950	943	935	1026	895	855	831	846	824
338	507.82523	15765	5015	4359	4975	3839	20016	6435	1390	969	925	911	1067	904	857	812	837	828
339	508.37788	15829	4977	4245	4922	3795	20023	6370	1403	942	937	920	1043	913	857	817	852	836
340	508.93058	15789	4969	4202	4833	3716	19722	6217	1419	951	933	882	1034	909	857	829	844	825
341	509.48332	15663	4898	4160	4856	3750	19892	6354	1420	963	926	909	1045	908	855	828	821	846
342	510.03612	15396	4899	4130	4906	3701	19450	6264	1426	921	894	891	1040	886	864	825	875	823
343	510.58896	15330	4828	4102	4775	3716	19641	6285	1414	955	917	910	1039	891	851	823	839	820
344	511.14185	15169	4832	4184	4733	3692	19461	6313	1398	937	912	919	1041	890	845	816	836	822
345	511.69479	15152	4865	4126	4819	3725	19128	6029	1377	950	934	898	1042	902	870	834	845	830
346	512.24777	15028	4757	4086	4780	3646	18918	6061	1355	945	930	888	1040	891	855	820	846	818
347	512.8008	14958	4821	4039	4718	3691	18801	6089	1383	950	910	887	1054	882	849	810	830	835
348	513.35389	14959	4710	4013	4696	3598	18883	6006	1368	939	916	891	1026	901	858	826	837	831
349	513.90701	14566	4648	4011	4619	3650	18681	6015	1354	917	916	909	1019	871	842	810	845	814
350	514.46019	14765	4571	3974	4586	3676	18466	5870	1368	928	919	902	1019	890	848	806	838	813
351	515.01341	14573	4566	3985	4601	3531	18353	5885	1336	958	907	896	1054	895	860	813	844	823
352	515.56668	14541	4560	3987	4537	3467	18142	5804	1303	939	918	892	1025	884	852	817	832	814
353	516.12	14268	4589	3909	4529	3509	18031	5816	1322	932	917	910	1020	884	854	810	851	822
354	516.67337	14219	4495	3822	4486	3442	17868	5803	1335	936	908	887	1002	887	853	799	840	809
355	517.22678	14023	4546	3798	4459	3454	17646	5831	1325	921	899	881	1027	881	839	814	831	821
356	517.78024	14070	4488	3870	4381	3440	17687	5726	1330	924	909	878	1030	886	865	811	844	815
357	518.33375	13852	4418	3846	4427	3411	17593	5704	1306	910	921	891	1012	873	857	818	831	822
358	518.88731	13754	4402	3751	4387	3427	17447	5513	1309	949	900	899	1009	896	831	816	838	819
359	519.44092	13608	4375	3704	4350	3432	17123	5536	1295	908	895	890	990	875	852	817	815	809
360	519.99457	13557	4332	3781	4300	3410	17158	5564	1306	911	901	881	979	869	841	811	849	806
361	520.54827	13476	4334	3700	4187	3380	17018	5521	1299	915	900	870	1009	881	848	809	844	823
362	521.10202	13133	4290	3734	4206	3318	16974	5439	1305	916	899	869	979	887	845	804	841	819
363	521.65581	13236	4214	3635	4182	3359	16792	5420	1305	913	908	863	980	899	845	812	834	808
364	522.20966	13129	4279	3613	4176	3283	16359	5351	1262	909	890	864	967	897	838	810	818	808
365	522.76355	12988	4202	3644	4101	3257	16474	5326	1236	919	896	861	980	865	848	810	823	821
366	523.31748	13000	4210	3550	4109	3251	16157	5270	1306	925	891	866	975	893	839	806	828	810
367	523.87147	12766	4119	3551	4050	3227	16030	5273	1274	900	875	866	972	874	839	808	825	814
368	524.4255	12657	4131	3587	4083	3191	15855	5260	1269	918	900	880	999	879	827	796	830	814
369	524.97959	12496	4063	3490	3983	3248	15766	5110	1268	900	895	873	990	882	825	806	818	809
370	525.53371	12298	3993	3491	3970	3168	15558	5074	1283	889	887	867	983	860	843	804	825	807
371	526.08789	12318	4033	3444	3954	3131	15451	5112	1253	888	892	872	989	869	832	806	827	823
372	526.64212	12352	3983	3458	3899	3117	15327	5017	1259	898	890	868	979	872	819	797	838	814
373	527.19639	12106	3873	3446	3876	3059	15082	4955	1239	910	892	866	952	865	833	805	809	811
374	527.75071	12039	3889	3339	3856	3087	14992	4905	1215	892	877	876	965	859	832	801	828	815
375	528.30508	11757	3851	3269	3777	3076	15013	4883	1216	903	884	875	969	875	839	815	824	812
376	528.85949	11602	3889	3340	3852	3024	14751	4831	1227	898	902	858	966	868	833	814	838	816
377	529.41395	11493	3810	3331	3667	2962	14563	4803	1193	894	897	849	957	863	828	793	816	811
378	529.96846	11687	3756	3266	3793	2979	14514	4843	1212	879	882	869	967	872	831	811	820	798
379	530.52302	11419	3740	3294	3695	2953	14261	4731	1194	892	862	859	943	857	816	792	807	795
380	531.07763	11432	3711	3214	3698	2935	14162	4717	1205	888	888	843	944	879	821	795	814	826
381	531.63228	11269	3690	3233	3677	2949	13790	4647	1204	893	870	867	959	858	833	792	807	810
382	532.18698	11058	3681	3210	3570	2892	13971	4610	1204	893	863	852	957	852	832	797	813	810
383	532.74173	11050	3673	3187	3575	2855	13812	4596	1183	880	869	862	932	842	827	798	806	791
384	533.29653	10913	3578	3171	3534	2884	13778	4505	1195	898	850	857	956	861	831	788	810	799
385	533.85137	10733	3593	3121	3471	2847	13573	4526	1198	880	880	867	925	841	825	793	813	798
386	534.40626	10670	3556	3073	3569	2793	13514	4395	1186	897	856	839	959	850	811	802	819	798
387	534.9612	10692	3493	3058	3540	2794	13153	4369	1177	883	872	843	938	857	823	795	817	798
388	535.51619	10381	3459	2998	3443	2796	13180	4339	1169	856	878	847	957	844	811	802	805	805
389	536.07122	10334	3442	2997	3359	2771	13129	4360	1180	873	868	843	958	861	827	779	797	802
390	536.62631	10265	3378	3083	3412	2759	12936	4266	1153	878	872	845	922	840	830	785	816	798
391	537.18144	10230	3442	2948	3422	2715	12711	4268	1159	867	870	850	945	848	814	797	814	801
392	537.73661	10023	3351	2915	3355	2708	12563	4233	1161	888	858	842	935	844	810	799	801	793
393	538.29184	9987	3366	2856	3350	2699	12526	4201	1137	880	847	849	911	852	823	795	814	796
394	538.84711	9795	3401	2918	3295	2686	12410	4223	1144	873	859	853	911	846	819	789	807	786
395	539.40243	9808	3317	2827	3225	2649	12205	4150	1161	869	859	847	931	844	822	788	807	792
396	539.9578	9721	3279	2847	3240	2595	12015	4102	1149	848	854	832	925	850	823	800	812	801
397	540.51322	9585	3293	2866	3232	2543	12165	4110	1131	867	847	861	911	838	818	801	814	796
398	541.06868	9570	3237	2833	3202	2594	11788	3941	1121	863	840	835	936	835	821	795	800	807
399	541.62419	9452	3213	2754	3132	2528	11686	4048	1154	862	828	829	916	833	809	789	810	803
400	542.17975	9223	3205	2752	3122	2547	11680	3934	1102	884	851	843	915	852	819	789	809	788
401	542.73536	9227	3199	2715	3073	2500	11359	3847	1119	867	852	841	904	839	813	792	803	795
402	543.29101	9176	3131	2709	3043	2526	11342	3834	1123	868	859	834	928	839	816	791	818	807
403	543.84672	9019	3090	2631	3106	2452	11388	3874	1115	865	851	851	910	848	815	793	802	803
404	544.40246	8924	3040	2651	3099	2495	11310	3732	1103	866	854	840	919	832	816	809	803	793
405	544.95826	8758	3026	2674	3001	2488	11064	3773	1079	867	851	835	921	831	814	785	810	808
406	545.51411	8739	3026	2660	2928	2414	10769	3747	1114	855	832	870	916	839	820	777	805	793
407	546.07	8679	3015	2573	2976	2428	10777	3661	1100	848	856	845	904	838	812	784	810	792
408	546.62594	8568	2957	2547	2922	2442	10681	3662	1085	856	846	837	925	832	807	791	804	790
409	547.18193	8489	2938	2525	2920	2364	10581	3674	1076	857	843	835	896	829	805	774	806	795
410	547.73796	8427	2933	2595	2890	2376	10544	3617	1073	849	850	832	896	825	809	788	809	792
411	548.29405	8340	2899	2532	2795	2365	10356	3586	1069	843	843	824	894	838	809	781	797	784
412	548.85018	8155	2889	2533	2896	2320	10181	3505	1047	869	829	819	899	828	809	788	803	791
413	549.40636	8128	2803	2481	2782	2295	10104	3511	1066	852	845	827	900	819	812	791	808	784
414	549.96258	7997	2818	2491	2772	2335	9966	3476	1078	868	840	820	909	824	802	786	802	781
415	550.51886	7943	2811	2450	2717	2276	9902	3396	1062	847	829	823	891	823	807	790	802	791
416	551.07518	7990	2756	2421	2697	2239	9665	3387	1077	848	841	822	894	819	799	776	802	800
417	551.63155	7888	2795	2373	2700	2250	9682	3359	1078	855	834	826	881	809	798	780	794	783
418	552.18797	7651	2705	2428	2699	2215	9585	3399	1035	837	831	820	875	821	807	785	802	790
419	552.74443	7629	2677	2374	2526	2178	9433	3327	1053	843	832	815	876	830	792	780	787	789
420	553.30094	7524	2695	2339	2654	2222	9287	3269	1054	839	830	824	869	831	793	778	785	793
421	553.8575	7411	2667	2333	2580	2154	9256	3165	1058	848	828	830	884	803	810	781	797	793
422	554.41411	7241	2582	2295	2546	2120	9174	3173	1063	838	839	829	875	806	799	779	798	783
423	554.97077	7250	2569	2289	2543	2136	8983	3150	1024	845	823	831	864	832	797	769	803	791
424	555.52747	7187	2592	2252	2530	2114	8995	3140	1034	826	816	823	855	824	802	777	783	778
425	556.08422	7121	2582	2244	2508	2103	8687	3133	1013	835	826	819	880	821	799	782	790	773
426	556.64102	7053	2530	2205	2489	2097	8700	3045	1014	839	819	803	863	809	801	784	793	781
427	557.19786	6898	2487	2195	2458	2059	8497	3029	1031	843	831	816	860	820	797	779	792	779
428	557.75476	6836	2466	2213	2445	2081	8538	3029	1032	843	836	832	887	823	806	792	815	797
429	558.3117	6788	2407	2157	2422	2052	8299	2908	1020	828	832	815	861	816	790	779	788	785
430	558.86869	6679	2431	2135	2375	2005	8203	2900	1016	829	820	809	873	817	796	784	793	775
431	559.42572	6643	2405	2136	2349	1996	8155	2855	996	825	835	815	851	823	786	783	794	779
432	559.98281	6578	2396	2104	2362	1965	7934	2848	1003	839	817	815	883	805	790	781	785	772
433	560.53994	6536	2379	2089	2350	1924	7982	2787	1011	826	817	803	869	819	793	778	781	775
434	561.09712	6325	2315	2066	2263	1941	7924	2751	997	827	810	798	858	807	789	785	795	784
435	561.65435	6230	2318	2065	2285	1897	7744	2828	1000	819	819	808	858	809	791	787	778	781
436	562.21162	6216	2244	1996	2225	1925	7637	2756	1016	825	805	813	861	808	782	783	778	783
437	562.76895	6071	2280	2041	2211	1878	7545	2741	984	817	815	793	855	805	785	772	780	771
438	563.32632	6008	2233	1960	2201	1908	7388	2631	991	814	822	814	845	806	778	786	775	767
439	563.88373	6005	2238	1964	2179	1882	7294	2683	968	819	812	804	839	804	777	768	785	788
440	564.4412	5934	2221	1994	2170	1860	7283	2615	993	831	804	798	863	808	775	775	787	786
441	564.99871	5910	2184	1957	2143	1832	7104	2574	953	809	794	808	855	819	791	778	783	777
442	565.55627	5774	2179	1902	2144	1836	7190	2603	964	811	806	799	852	799	784	780	776	786
443	566.11388	5674	2142	1841	2084	1813	6967	2491	966	820	802	795	852	795	781	764	792	781
444	566.67154	5553	2127	1900	2025	1778	6877	2554	960	815	814	808	847	799	781	763	787	776
445	567.22924	5465	2104	1861	2056	1825	6799	2511	968	807	794	801	829	796	780	768	775	773
446	567.787	5395	2098	1899	2056	1780	6776	2487	939	827	801	798	841	804	787	777	780	775
447	568.34479	5380	2113	1826	2077	1724	6503	2438	950	811	806	800	836	802	783	771	779	782
448	568.90264	5281	2073	1784	2069	1705	6552	2435	952	804	807	800	842	791	776	768	779	778
449	569.46054	5286	2048	1832	2031	1736	6495	2425	941	803	801	797	827	793	780	768	778	773
450	570.01848	5185	1984	1804	1989	1706	6421	2327	923	809	808	793	830	795	781	775	784	772
451	570.57647	5048	1966	1780	1952	1706	6302	2364	954	804	793	784	827	810	780	767	774	771
452	571.13451	5060	1936	1789	1964	1675	6136	2351	941	816	793	790	827	798	773	773	773	770
453	571.69259	4969	1939	1753	1905	1675	6104	2311	932	823	806	797	849	793	786	780	785	775
454	572.25072	4950	1938	1724	1938	1642	6062	2282	944	795	807	794	829	792	775	769	777	770
455	572.80891	4868	1926	1735	1872	1604	5917	2266	909	801	791	788	825	785	782	767	775	767
456	573.36713	4749	1944	1720	1884	1643	5748	2255	929	805	800	800	820	792	775	781	775	776
457	573.92541	4856	1861	1645	1878	1611	5739	2200	919	805	809	798	836	791	776	763	775	780
458	574.48373	4697	1865	1674	1848	1573	5728	2200	921	810	795	791	833	780	779	766	778	772
459	575.0421	4699	1855	1682	1812	1547	5575	2235	924	803	793	794	826	790	783	772	775	765
460	575.60052	4546	1852	1635	1804	1554	5580	2122	931	797	795	798	825	797	787	767	768	770
461	576.15899	4485	1847	1607	1808	1566	5433	2112	920	805	791	791	829	796	777	768	775	771
462	576.7175	4499	1826	1625	1757	1517	5425	2126	920	804	797	795	826	782	773	771	772	756
463	577.27607	4393	1746	1612	1754	1493	5357	2034	902	802	793	787	814	787	783	763	779	769
464	577.83468	4347	1733	1574	1774	1553	5348	2043	910	797	785	781	821	793	780	763	771	781
465	578.39333	4335	1802	1582	1726	1530	5238	2029	910	800	795	791	809	788	775	762	770	764
466	578.95204	4300	1726	1582	1689	1500	5113	2017	891	789	803	788	818	790	778	777	767	768
467	579.51079	4100	1728	1555	1690	1500	5093	2007	886	788	784	787	814	777	776	770	774	753
468	580.06959	4143	1744	1540	1667	1502	5077	1977	890	793	786	784	823	783	759	761	765	767
469	580.62844	4046	1683	1533	1679	1491	4991	1995	902	799	789	788	806	775	781	756	771	770
470	581.18733	4027	1660	1549	1657	1470	4918	1949	882	791	786	784	806	780	766	767	765	770
471	581.74628	4087	1684	1497	1627	1435	4862	1906	894	795	791	785	813	780	774	764	772	757
472	582.30527	3852	1642	1511	1605	1417	4779	1887	893	780	788	788	815	769	776	767	764	763
473	582.86431	3885	1664	1499	1599	1413	4756	1870	880	795	785	787	798	776	789	765	775	774
474	583.42339	3802	1592	1474	1643	1418	4717	1881	869	798	792	779	801	787	775	761	777	762
475	583.98253	3763	1587	1427	1580	1402	4575	1861	882	786	791	778	803	767	771	755	767	760
476	584.54171	3678	1606	1448	1562	1395	4454	1845	882	793	790	785	818	798	775	767	769	771
477	585.10094	3707	1612	1416	1570	1396	4398	1830	892	786	780	786	803	789	769	767	774	762
478	585.66022	3601	1571	1432	1543	1395	4309	1810	863	779	787	788	798	786	773	758	775	767
479	586.21954	3538	1548	1405	1563	1400	4344	1771	877	786	775	781	800	782	768	760	773	767
480	586.77891	3593	1547	1415	1523	1358	4256	1755	881	789	790	789	811	772	772	771	766	766
481	587.33833	3480	1570	1389	1503	1345	4234	1755	864	787	785	780	800	784	769	767	776	764
482	587.8978	3430	1515	1391	1503	1320	4139	1745	877	779	779	782	797	780	776	763	766	776
483	588.45732	3368	1527	1400	1496	1318	4136	1706	872	782	773	788	797	770	774	766	767	754
484	589.01688	3422	1503	1369	1462	1310	3968	1724	865	788	786	771	794	788	760	768	776	760
485	589.57649	3362	1434	1360	1418	1305	4018	1687	872	795	780	779	799	774	776	770	764	775
486	590.13615	3326	1491	1357	1445	1300	3875	1680	846	778	776	781	786	777	763	770	766	758
487	590.69585	3233	1478	1342	1453	1291	3882	1665	872	780	776	768	799	776	761	767	760	761
488	591.25561	3198	1436	1336	1477	1318	3806	1678	855	774	782	772	791	769	762	765	761	765
489	591.81541	3177	1439	1331	1406	1284	3742	1661	867	783	779	778	801	765	767	773	767	768
490	592.37526	3162	1445	1350	1400	1275	3692	1652	859	792	775	772	819	774	767	760	766	764
491	592.93515	3048	1441	1282	1406	1247	3654	1597	862	782	776	776	791	776	764	758	758	768
492	593.4951	3007	1397	1286	1371	1260	3605	1556	847	787	785	776	786	771	769	755	771	764
493	594.05509	2963	1403	1311	1356	1256	3588	1566	840	775	777	774	790	776	767	759	761	764
494	594.61513	2960	1415	1289	1378	1256	3563	1547	845	777	769	778	790	765	769	758	768	764
495	595.17522	2915	1398	1262	1373	1222	3437	1547	867	771	772	774	794	775	768	765	768	761
496	595.73535	2919	1343	1240	1356	1215	3364	1567	851	786	786	774	799	768	756	755	756	756
497	596.29553	2889	1339	1221	1327	1196	3397	1563	839	782	769	781	786	764	770	755	766	764
498	596.85576	2881	1312	1243	1304	1212	3346	1507	844	771	776	774	791	773	767	758	759	759
499	597.41604	2745	1318	1239	1316	1179	3291	1512	840	775	780	779	796	772	761	758	761	754
500	597.97637	2753	1319	1228	1314	1185	3208	1484	831	769	773	770	793	773	766	756	766	762
501	598.53674	2693	1319	1228	1298	1184	3114	1447	832	784	765	765	781	771	762	763	763	764
502	599.09716	2657	1311	1211	1279	1189	3179	1445	850	778	779	779	787	767	764	758	765	766
503	599.65763	2623	1279	1179	1280	1165	3114	1467	840	775	774	767	787	769	759	761	765	765
504	600.21815	2551	1269	1183	1292	1162	3125	1431	827	784	770	766	780	774	759	763	767	759
505	600.77871	2573	1295	1198	1214	1143	3012	1422	828	775	776	764	799	768	771	763	763	764
506	601.33932	2590	1246	1176	1228	1126	2987	1397	826	780	764	765	790	773	770	762	769	757
507	601.89998	2498	1224	1177	1227	1134	2916	1402	836	777	774	769	781	760	763	759	767	764
508	602.46069	2495	1265	1172	1216	1121	2952	1375	819	769	763	775	779	759	768	759	758	767
509	603.02144	2460	1210	1135	1221	1116	2820	1352	819	763	773	772	776	766	755	756	763	760
510	603.58225	2355	1247	1146	1226	1095	2789	1347	830	776	767	767	794	763	771	756	759	760
511	604.1431	2390	1202	1144	1180	1098	2783	1332	822	780	766	753	776	763	765	766	764	757
512	604.70399	2369	1216	1140	1179	1109	2722	1339	830	787	776	769	778	767	762	759	761	759
513	605.26494	2323	1228	1121	1160	1102	2685	1320	827	772	780	769	778	771	763	759	759	756
514	605.82593	2341	1211	1099	1175	1100	2685	1304	822	778	762	766	777	760	755	763	754	762
515	606.38697	2261	1186	1134	1170	1061	2600	1309	816	767	763	768	788	760	762	757	755	759
516	606.94806	2222	1179	1106	1180	1085	2596	1266	808	763	767	773	794	763	768	759	757	756
517	607.5092	2174	1161	1100	1159	1072	2599	1281	813	767	772	770	770	761	758	764	760	753
518	608.07038	2193	1137	1082	1151	1092	2505	1246	822	777	762	765	773	770	760	761	762	756
519	608.63161	2186	1165	1114	1151	1036	2503	1276	812	774	760	762	770	773	760	760	766	754
520	609.19289	2119	1142	1088	1120	1044	2502	1276	805	767	772	763	784	782	762	756	762	759
521	609.75422	2076	1135	1072	1126	1042	2447	1254	816	777	770	777	786	767	762	759	767	762
522	610.31559	2079	1128	1053	1113	1018	2437	1227	811	769	761	761	779	766	761	756	768	760
523	610.87701	2027	1140	1075	1101	1026	2405	1226	807	778	765	771	775	765	758	764	760	751
524	611.43848	1992	1115	1063	1118	1014	2303	1233	802	771	767	765	772	765	764	757	762	754
525	612	2011	1111	1060	1107	1024	2339	1219	814	767	766	771	772	767	757	759	761	758
526	612.56156	1990	1107	1055	1094	1040	2281	1224	802	781	775	772	777	768	769	759	757	766
527	613.12318	1968	1077	1056	1102	997	2257	1210	804	766	766	774	768	765	759	757	757	750
528	613.68484	1966	1088	1029	1066	1014	2257	1196	799	768	763	766	775	767	766	758	769	767
529	614.24655	1934	1089	1016	1043	1039	2224	1171	792	776	768	763	773	769	764	755	767	764
530	614.8083	1865	1086	1024	1072	999	2224	1164	804	767	768	767	772	771	755	772	759	762
531	615.3701	1876	1075	1029	1062	1006	2189	1157	806	766	765	767	762	767	758	758	761	761
532	615.93196	1854	1086	1030	1065	994	2131	1151	793	771	771	763	767	764	763	754	759	761
533	616.49385	1849	1071	1011	1014	986	2064	1131	802	766	767	773	776	758	758	763	763	752
534	617.0558	1792	1079	994	1045	971	2012	1134	807	768	769	767	775	759	761	767	767	762
535	617.61779	1804	1060	1004	1028	983	2067	1146	793	765	766	761	777	762	763	754	763	756
536	618.17984	1788	1041	985	1043	983	2034	1128	794	767	766	761	772	768	760	757	759	755
537	618.74192	1786	1052	1002	1047	956	1983	1117	797	767	768	757	774	765	767	752	763	758
538	619.30406	1696	1067	993	1049	967	1955	1115	801	761	766	753	763	765	757	758	755	759
539	619.86625	1723	1024	994	1012	960	1955	1093	793	759	753	757	762	760	763	750	753	755
540	620.42848	1696	1009	969	1018	968	1957	1084	803	760	754	761	771	757	755	752	765	752
541	620.99076	1705	1062	980	1017	966	1957	1087	795	767	766	766	775	765	767	758	765	754
542	621.55309	1670	1030	977	991	944	1891	1098	790	761	755	763	766	753	749	755	763	761
543	622.11546	1640	999	968	1018	954	1880	1088	791	767	762	764	765	771	762	756	759	756
544	622.67788	1642	1024	978	1013	943	1895	1094	807	767	757	761	768	751	765	760	760	756
545	623.24035	1630	1001	957	961	933	1858	1102	791	759	755	759	774	757	751	762	759	752
546	623.80287	1578	997	926	977	936	1806	1090	805	763	767	755	763	761	755	760	762	755
547	624.36544	1561	989	946	992	939	1766	1041	791	762	763	771	767	760	754	763	760	755
548	624.92805	1609	968	949	963	958	1782	1056	799	769	762	759	771	758	753	747	759	750
549	625.49071	1552	1003	932	967	929	1787	1055	793	766	764	758	768	760	758	754	758	760
550	626.05342	1573	981	918	977	917	1791	1042	792	758	762	761	770	762	761	755	753	755
551	626.61618	1545	988	946	990	923	1705	1060	783	766	761	767	767	756	765	748	752	762
552	627.17898	1497	981	932	965	922	1728	1032	786	760	762	755	764	751	761	757	750	760
553	627.74184	1494	960	931	963	922	1700	1014	787	767	762	754	768	760	755	743	760	759
554	628.30473	1470	971	915	966	923	1717	1037	777	766	759	755	769	762	761	747	762	754
555	628.86768	1470	959	925	962	918	1688	1033	783	761	759	765	765	754	761	756	754	750
556	629.43068	1461	971	928	947	908	1657	1013	775	767	762	759	765	756	760	759	752	754
557	629.99372	1449	980	938	939	912	1675	1011	779	762	758	766	757	755	753	756	753	757
558	630.55681	1467	940	902	942	910	1616	1012	779	765	766	763	759	758	759	759	755	752
559	631.11995	1430	943	913	961	912	1588	1009	778	755	765	758	766	758	762	750	749	748
560	631.68313	1451	955	907	925	884	1604	1000	788	755	762	767	766	758	759	752	750	754
561	632.24637	1408	939	909	942	891	1583	980	775	757	769	760	764	756	756	758	759	758
562	632.80965	1404	947	908	909	884	1571	995	774	759	764	765	762	765	756	751	757	755
563	633.37298	1429	926	892	937	904	1565	992	778	759	751	760	752	758	756	755	758	762
564	633.93635	1382	928	897	914	890	1545	973	781	754	763	746	758	759	749	758	754	755
565	634.49978	1378	924	917	928	883	1543	985	779	769	759	757	768	755	750	754	755	755
566	635.06325	1390	943	901	921	881	1518	978	777	757	753	752	769	757	757	749	756	751
567	635.62677	1351	951	882	923	875	1506	957	779	768	753	758	760	748	755	758	748	750
568	636.19033	1364	937	908	916	873	1508	973	777	765	763	752	760	757	747	749	753	754
569	636.75395	1355	908	887	921	874	1483	982	766	756	755	764	758	762	757	752	756	755
570	637.31761	1354	910	884	909	881	1529	958	774	759	758	755	766	761	753	741	755	746
571	637.88132	1339	902	877	907	858	1481	962	770	763	760	757	763	759	759	750	756	758
572	638.44508	1314	919	890	908	872	1429	966	785	755	761	755	763	754	751	752	750	750
573	639.00888	1311	901	883	912	886	1462	969	763	753	754	757	768	757	759	746	755	757
574	639.57274	1310	909	885	911	871	1422	934	772	758	758	754	761	758	752	751	758	753
575	640.13664	1279	908	874	894	858	1446	951	768	759	757	760	764	754	751	746	748	756
576	640.70058	1284	923	877	894	872	1398	932	768	755	753	758	765	755	758	746	748	752
577	641.26458	1273	880	870	887	869	1378	937	779	758	757	755	761	759	757	752	752	756
578	641.82862	1262	891	885	869	871	1414	945	780	755	760	752	757	758	761	752	755	757
579	642.39271	1262	899	877	895	855	1387	941	777	760	764	762	760	755	759	753	751	752
580	642.95685	1262	888	871	899	855	1366	953	775	755	760	762	751	762	750	756	753	746
581	643.52104	1251	886	880	886	852	1359	930	770	758	760	753	765	758	752	754	757	754
582	644.08527	1243	875	860	880	857	1336	933	772	760	752	762	766	751	754	754	753	754
583	644.64956	1236	899	851	892	850	1362	925	774	762	747	750	762	756	767	757	754	751
584	645.21389	1239	899	858	863	856	1331	919	763	754	758	761	767	752	752	741	757	753
585	645.77826	1236	901	872	889	862	1337	935	761	759	749	756	755	755	757	746	752	759
586	646.34269	1180	866	853	883	858	1337	917	759	761	759	758	750	751	747	753	758	757
587	646.90716	1231	861	861	879	843	1297	923	767	761	751	746	764	753	747	750	761	753
588	647.47168	1189	870	851	866	849	1287	898	777	767	751	756	755	757	752	752	764	748
589	648.03625	1222	883	845	869	843	1313	892	769	756	761	755	761	756	751	755	764	752
590	648.60086	1209	892	863	875	831	1262	895	768	758	759	750	761	756	747	754	752	750
591	649.16553	1175	876	859	846	842	1260	908	760	764	754	757	756	757	752	751	750	747
592	649.73024	1200	876	847	882	834	1302	895	772	760	755	757	762	753	750	756	758	747
593	650.295	1150	870	854	858	840	1265	907	767	757	758	755	766	746	754	754	764	746
594	650.8598	1164	881	847	867	842	1252	898	778	758	756	752	762	756	751	749	755	749
595	651.42466	1152	859	860	866	854	1242	911	777	750	752	756	754	761	753	754	743	760
596	651.98956	1141	845	859	855	842	1225	879	767	751	755	754	754	751	763	753	760	755
597	652.55451	1164	864	837	861	842	1228	890	774	762	757	756	763	755	762	760	754	756
598	653.1195	1131	867	851	862	840	1255	900	769	755	754	759	761	762	753	755	751	751
599	653.68455	1129	857	840	857	834	1212	884	768	762	749	754	761	752	755	757	758	752
600	654.24964	1124	867	827	868	836	1221	878	767	755	744	766	758	759	750	760	746	746
601	654.81478	1112	865	839	851	833	1195	865	765	754	762	759	757	758	749	759	750	755
602	655.37997	1108	837	838	843	837	1195	883	762	752	747	750	759	755	756	756	746	755
603	655.9452	1108	857	836	845	823	1196	884	765	753	760	754	751	755	751	751	754	750
604	656.51049	1080	849	832	854	831	1192	873	773	759	755	759	761	750	759	747	750	749
605	657.07582	1111	855	823	841	828	1183	875	769	763	751	751	767	757	752	754	748	748
606	657.64119	1072	855	828	839	827	1174	878	759	762	751	756	753	761	756	750	758	754
607	658.20662	1068	848	833	843	826	1169	865	769	764	756	759	761	758	753	747	757	755
608	658.77209	1087	832	837	840	831	1179	866	764	755	750	754	758	752	748	759	749	759
609	659.33761	1078	848	844	858	801	1177	880	771	755	756	758	750	758	751	757	751	760
610	659.90318	1081	850	810	831	812	1133	883	763	755	752	747	753	755	750	754	745	754
611	660.4688	1072	831	833	843	813	1153	863	768	751	756	759	758	754	746	751	749	746
612	661.03446	1087	846	826	831	824	1127	863	764	756	759	754	753	752	747	751	745	750
613	661.60018	1051	830	822	835	829	1126	863	766	748	753	748	750	754	753	755	759	753
614	662.16594	1055	831	824	842	816	1121	849	762	757	762	742	754	758	753	756	748	751
615	662.73174	1047	840	821	827	809	1122	856	757	756	756	748	758	753	748	756	756	745
616	663.2976	1067	823	823	830	812	1107	851	760	761	751	761	764	750	759	751	754	748
617	663.8635	1042	826	827	830	799	1120	854	761	748	763	754	756	757	755	752	758	746
618	664.42945	1040	825	839	829	813	1111	861	763	747	750	753	764	748	755	756	757	754
619	664.99545	1031	822	824	827	815	1111	857	761	748	760	743	749	755	748	752	756	748
620	665.56149	1020	830	817	823	824	1102	845	761	758	756	756	752	746	761	747	751	745
621	666.12759	1027	828	835	820	816	1092	844	766	759	754	751	754	759	751	748	751	757
622	666.69373	1036	831	815	823	796	1081	852	764	753	761	755	759	753	755	755	763	751
623	667.25992	1036	832	810	825	807	1079	848	768	756	750	755	759	756	753	756	759	758
624	667.82615	1020	838	827	831	807	1079	848	770	755	746	747	756	753	753	755	756	750
625	668.39244	1018	827	824	808	804	1092	844	760	756	750	748	763	752	753	758	748	755
626	668.95877	1020	837	808	820	812	1070	835	771	753	749	754	754	755	745	752	751	745
627	669.52515	1009	802	812	814	809	1060	846	758	749	749	755	753	752	751	753	751	753
628	670.09157	1007	818	814	822	806	1057	843	762	761	752	749	746	748	752	758	749	751
629	670.65805	992	820	807	822	809	1047	830	764	753	752	756	744	754	754	745	755	755
630	671.22457	984	816	810	813	800	1055	844	761	768	750	753	753	756	750	749	753	757
631	671.79114	1006	823	799	818	793	1018	836	769	751	750	755	745	748	754	750	751	744
632	672.35776	995	812	807	810	808	1044	837	765	754	755	757	754	748	757	750	757	749
633	672.92442	994	818	805	802	805	1019	832	762	756	760	750	758	762	745	755	751	755
634	673.49113	988	826	807	809	802	1017	832	756	762	750	750	762	756	763	751	752	744
635	674.05789	986	815	797	808	803	1035	848	766	747	754	739	748	758	747	744	754	745
636	674.6247	970	818	805	811	794	1030	834	761	752	754	760	754	754	748	744	754	752
637	675.19156	975	810	811	811	803	1009	830	757	747	755	752	757	749	760	755	754	750
638	675.75846	968	810	801	820	803	1029	829	756	757	746	756	756	751	746	745	752	753
639	676.32541	965	817	792	805	801	1016	833	759	758	754	755	751	754	748	746	751	747
640	676.89241	953	805	800	801	795	1014	819	769	754	753	750	752	753	741	750	763	744
641	677.45946	957	802	785	801	783	1006	827	760	756	761	754	753	748	756	753	752	749
642	678.02655	954	816	796	819	793	1008	823	756	754	754	752	754	754	762	762	746	749
643	678.59369	950	806	796	803	794	992	843	764	755	757	750	759	754	753	753	744	755
644	679.16088	950	818	797	808	796	980	827	753	749	758	753	751	757	749	752	747	750
645	679.72812	945	812	799	787	797	980	833	757	761	754	750	761	757	746	754	748	746
646	680.29541	931	797	787	806	783	989	810	750	749	750	751	754	745	750	752	756	749
647	680.86274	931	806	792	806	784	988	832	767	752	754	751	745	749	752	752	751	754
648	681.43012	939	803	799	800	787	966	832	760	747	750	752	748	748	750	752	744	753
649	681.99755	935	789	792	795	796	951	809	756	757	749	753	751	752	750	753	752	752
650	682.56502	926	807	787	799	786	967	817	765	753	754	751	758	754	741	744	748	745
651	683.13254	938	807	790	806	791	974	823	764	751	755	752	753	748	754	753	749	751
652	683.70012	937	803	797	805	784	981	834	766	755	752	754	760	752	751	761	752	749
653	684.26773	916	813	791	807	796	979	823	756	746	752	759	752	749	747	753	752	748
654	684.8354	929	805	798	798	788	959	808	758	758	758	754	755	753	752	753	748	743
655	685.40311	927	798	796	796	788	988	810	762	747	752	751	761	746	755	745	753	754
656	685.97087	914	806	802	797	781	969	805	755	764	753	753	758	748	753	749	764	752
657	686.53868	906	798	796	792	788	962	808	766	757	748	748	755	749	745	749	754	747
658	687.10654	902	792	786	799	783	959	804	759	757	757	750	752	755	753	747	749	754
659	687.67445	901	793	786	795	791	959	801	758	752	751	759	754	751	758	746	753	752
660	688.2424	886	804	778	783	790	958	814	754	750	752	752	751	754	743	757	752	750
661	688.8104	911	788	789	790	786	946	810	752	749	747	760	754	749	745	757	748	753
662	689.37844	903	803	781	796	784	942	799	749	752	755	752	755	753	744	746	752	749
663	689.94654	892	787	776	793	778	970	793	757	753	749	757	754	748	750	750	747	750
664	690.51468	898	794	786	797	779	940	806	756	755	755	752	754	758	752	746	756	749
665	691.08287	900	787	792	787	782	927	812	756	754	757	759	755	760	754	749	743	753
666	691.65111	881	789	798	788	781	929	806	750	749	755	752	748	755	753	762	740	751
667	692.2194	870	791	776	800	775	927	807	755	754	751	752	748	754	746	750	748	742
668	692.78773	906	782	779	788	785	928	803	760	755	756	752	757	759	750	751	741	751
669	693.35611	895	798	773	795	782	925	806	749	753	751	748	753	752	750	753	748	750
670	693.92454	884	790	780	795	780	910	793	763	750	746	750	752	754	746	743	752	751
671	694.49302	878	791	795	787	771	912	796	755	752	745	752	760	753	752	748	753	753
672	695.06154	907	789	786	796	777	915	805	754	746	750	751	756	750	753	744	742	752
673	695.63011	884	794	788	791	786	909	802	754	758	750	755	760	755	753	755	748	752
674	696.19873	868	783	777	781	786	909	800	760	750	757	749	752	750	744	755	746	758
675	696.7674	871	791	775	790	785	902	790	760	752	748	757	751	758	755	749	756	746
676	697.33611	880	802	780	788	787	918	809	767	762	756	759	758	753	754	758	756	755
677	697.90488	882	784	776	785	788	910	788	755	753	759	749	746	749	753	755	751	757
678	698.47369	871	791	786	789	784	907	808	756	759	755	753	753	754	742	753	750	747
679	699.04254	874	781	769	778	782	912	792	757	758	757	750	747	753	755	753	751	752
680	699.61145	881	797	785	769	773	917	803	759	761	750	760	752	752	740	752	745	752
681	700.1804	868	785	775	789	769	901	799	753	750	755	754	751	755	742	751	753	749
682	700.7494	865	790	783	775	773	896	792	754	752	743	747	749	753	750	751	748	746
683	701.31845	885	786	782	784	773	885	796	763	752	757	748	754	743	753	749	747	754
684	701.88755	863	788	784	774	786	891	778	764	746	744	750	756	754	748	750	756	745
685	702.45669	860	786	773	782	770	902	791	759	752	759	750	756	749	758	752	747	747
686	703.02588	859	771	770	777	782	881	774	761	746	748	758	746	749	755	748	753	747
687	703.59512	859	778	778	779	773	870	801	760	745	747	750	752	743	757	755	756	742
688	704.16441	866	780	779	774	779	891	801	755	750	747	748	754	753	748	748	749	750
689	704.73374	858	787	777	782	777	892	798	763	757	754	755	760	756	763	756	751	757
690	705.30312	862	775	772	785	779	883	782	761	759	754	754	751	762	755	762	750	744
691	705.87255	863	786	775	792	777	887	796	762	757	763	755	762	758	762	756	763	761
692	706.44203	875	785	785	780	771	896	802	755	753	749	748	752	750	757	744	751	752
693	707.01156	862	766	773	784	779	869	787	752	758	757	750	749	753	747	751	750	745
694	707.58113	863	796	787	799	807	899	805	773	772	767	768	773	780	764	760	774	760
695	708.15075	858	781	775	772	782	873	781	754	757	751	755	744	753	750	758	755	755
696	708.72042	840	775	778	775	779	867	798	758	757	752	753	750	748	749	749	747	755
697	709.29013	866	783	779	773	783	866	792	757	756	750	750	753	753	747	753	748	752
698	709.8599	840	775	773	777	770	880	794	754	751	765	750	753	756	750	764	757	747
699	710.42971	863	790	772	775	771	875	797	752	749	757	759	758	759	755	750	757	750
700	710.99957	835	782	768	780	776	857	791	753	753	748	757	753	758	752	749	757	757
701	711.56947	847	791	771	780	776	856	780	754	754	755	749	747	751	759	758	754	749
702	712.13943	840	773	780	785	778	854	781	762	747	753	758	755	753	748	752	757	748
703	712.70943	833	777	776	783	765	861	795	759	753	750	757	759	762	757	753	759	752
704	713.27948	846	770	774	778	771	851	786	756	759	757	747	758	752	750	755	754	750
705	713.84957	851	779	782	769	771	871	792	753	751	755	752	753	750	753	754	752	760
706	714.41972	842	777	768	770	779	865	787	761	756	743	753	744	758	751	747	754	754
707	714.98991	850	768	785	772	761	860	778	767	749	756	745	753	749	755	751	747	755
708	715.56015	838	780	768	777	771	859	777	756	760	755	753	749	757	750	752	757	747
709	716.13044	835	770	778	771	767	867	785	753	756	753	748	756	757	745	750	754	756
710	716.70078	833	787	768	778	772	870	800	756	755	754	749	749	753	747	754	752	747
711	717.27116	834	769	765	766	768	858	770	757	749	749	755	757	752	753	751	759	741
712	717.84159	827	786	772	766	770	840	780	751	755	749	748	762	751	756	753	753	751
713	718.41207	831	780	770	770	773	845	787	753	753	746	751	750	752	749	755	747	750
714	718.98259	831	793	764	768	766	838	780	752	746	753	742	749	747	751	758	747	747
715	719.55317	829	768	770	766	764	829	780	754	747	750	745	759	746	751	753	754	746
716	720.12379	840	772	765	765	763	865	780	754	746	749	751	756	746	748	749	752	746
717	720.69446	837	771	774	764	769	851	779	749	749	748	755	748	746	743	748	754	751
718	721.26517	827	768	758	771	772	841	790	753	753	741	752	754	748	752	757	747	747
719	721.83594	835	782	763	783	770	863	782	756	754	752	759	756	745	750	755	747	749
720	722.40675	829	763	755	773	769	846	778	760	752	751	754	760	748	752	755	751	742
721	722.97761	827	766	768	780	767	858	779	746	748	750	746	752	745	745	749	747	747
722	723.54852	819	779	769	766	761	840	767	755	744	751	753	746	753	744	745	742	753
723	724.11947	821	767	770	768	762	842	773	754	743	745	744	750	752	752	744	757	753
724	724.69048	823	775	769	769	766	829	783	752	750	747	749	746	748	750	750	753	756
725	725.26153	821	768	765	768	771	842	769	753	746	750	755	745	754	745	743	742	753
726	725.83262	816	776	766	771	763	827	777	753	744	749	747	752	746	755	750	746	744
727	726.40377	818	769	762	767	769	844	791	747	747	743	750	750	755	751	745	749	747
728	726.97496	811	771	768	765	771	844	773	742	760	748	747	756	749	748	748	753	751
729	727.5462	817	779	762	767	771	826	765	745	745	748	753	747	741	748	742	741	753
730	728.11749	829	765	759	771	761	837	772	749	743	749	742	747	754	755	749	746	757
731	728.68883	815	763	765	766	762	834	780	755	748	743	747	747	746	748	743	748	760
732	729.26021	821	768	758	773	760	835	779	751	749	743	747	744	748	747	749	750	753
733	729.83164	815	785	767	770	762	836	767	745	751	749	747	747	749	751	745	744	749
734	730.40312	809	777	766	771	762	827	769	752	748	745	756	743	749	753	741	747	746
735	730.97465	810	761	770	763	757	832	767	751	749	745	742	755	745	745	749	750	747
736	731.54623	812	769	765	772	768	831	771	753	746	748	747	747	744	742	745	750	750
737	732.11785	819	766	761	764	761	833	772	747	749	747	747	747	744	748	749	748	748
738	732.68952	808	767	770	766	757	819	781	745	748	745	746	746	746	752	758	753	742
739	733.26124	808	765	759	773	766	841	767	748	756	751	745	750	748	749	757	745	757
740	733.833	810	764	772	766	765	829	777	748	748	745	747	747	752	749	750	749	747
741	734.40481	812	769	764	767	764	820	763	751	747	746	754	748	743	748	747	750	752
742	734.97667	810	765	758	762	760	828	762	744	745	747	745	746	750	742	749	750	747
743	735.54858	796	771	765	764	759	835	761	742	754	747	750	751	752	748	746	746	746
744	736.12054	805	768	753	764	763	825	768	753	749	746	744	748	751	747	744	748	750
745	736.69254	810	755	764	761	762	836	767	752	751	746	749	748	751	752	746	748	756
746	737.26459	807	770	761	760	764	820	767	751	744	750	747	750	752	745	748	748	750
747	737.83669	789	766	762	758	758	828	774	754	746	751	749	746	748	754	745	740	746
748	738.40884	802	765	763	762	767	818	771	752	748	750	746	757	746	748	750	750	746
749	738.98103	813	771	770	760	760	816	768	756	741	747	751	747	760	747	753	742	752
750	739.55328	803	767	764	765	765	820	764	759	751	743	754	755	754	748	754	749	749
751	740.12556	805	760	765	759	763	820	770	744	749	746	745	742	745	753	748	745	744
752	740.6979	799	755	765	763	770	808	768	755	742	748	743	741	746	748	750	753	750
753	741.27029	800	758	759	760	763	829	765	751	748	749	748	746	755	748	748	744	748
754	741.84272	803	764	758	757	765	824	758	751	753	744	744	755	755	752	744	747	747
755	742.4152	792	770	758	768	772	803	771	749	755	750	743	744	741	744	748	746	746
756	742.98773	794	755	763	759	757	810	769	753	743	747	755	741	751	748	742	759	748
757	743.5603	796	764	764	764	759	820	760	748	750	753	753	756	748	746	742	741	748
758	744.13293	798	764	761	759	754	814	767	745	748	754	746	746	744	743	741	744	748
759	744.7056	803	765	759	766	759	817	775	748	745	743	746	748	747	744	745	745	749
760	745.27832	797	756	760	761	751	810	765	745	756	745	744	745	744	746	742	749	751
761	745.85108	795	762	758	758	751	805	759	747	748	754	747	749	736	757	748	746	745
762	746.4239	805	761	756	763	755	831	766	748	743	741	750	750	747	753	749	738	742
763	746.99676	807	763	757	764	759	814	754	752	742	746	741	748	745	744	743	738	751
764	747.56967	793	758	760	768	755	819	766	745	747	750	746	747	752	747	748	749	745
765	748.14262	792	769	763	764	758	807	760	745	759	743	748	744	743	743	749	747	743
766	748.71563	782	761	762	763	760	808	765	749	741	740	738	748	742	744	750	750	738
767	749.28868	795	763	759	764	755	802	762	756	746	749	748	743	744	750	744	743	750
768	749.86178	794	755	763	758	762	803	761	745	742	751	747	747	747	745	750	741	746
769	750.43493	792	766	762	760	761	813	758	753	748	750	742	751	750	750	747	742	749
770	751.00812	796	765	762	764	756	809	764	755	744	748	739	754	747	743	744	746	750
771	751.58137	801	767	757	758	757	794	758	747	748	744	747	748	743	740	755	741	746
772	752.15466	791	770	755	769	767	800	767	752	747	745	748	746	751	745	746	753	749
773	752.728	801	763	757	765	761	807	762	749	753	756	755	754	755	746	757	754	743
774	753.30138	781	759	763	757	752	796	766	747	751	743	746	751	744	746	746	744	744
775	753.87482	801	764	761	765	753	803	766	746	755	740	751	751	746	748	753	751	743
776	754.4483	792	752	759	760	761	808	765	751	745	748	754	748	744	754	739	736	749
777	755.02183	794	767	763	751	754	805	756	753	744	738	746	745	742	752	755	747	744
778	755.5954	792	763	754	760	755	812	761	745	745	743	749	748	743	742	742	742	740
779	756.16903	789	756	751	755	757	793	764	743	745	749	747	747	743	741	744	748	739
780	756.7427	782	759	754	761	756	803	762	745	743	751	746	752	741	751	746	751	749
781	757.31642	791	759	752	756	756	805	763	746	743	745	747	747	746	759	743	752	751
782	757.89019	799	756	756	758	755	802	765	750	740	748	746	752	749	742	745	750	740
783	758.464	786	761	757	759	762	791	756	745	748	745	750	748	746	746	744	751	748
784	759.03786	795	765	757	751	754	791	768	747	749	743	748	740	752	740	750	754	754
785	759.61177	789	756	750	753	755	797	756	746	751	749	742	749	755	748	742	743	752
786	760.18573	786	756	754	755	753	806	756	742	748	759	743	742	746	751	751	744	748
787	760.75974	786	763	755	762	751	798	760	742	751	747	748	747	746	743	748	745	740
788	761.33379	783	767	750	759	747	797	762	743	747	749	748	753	750	750	744	745	744
789	761.90789	787	752	756	756	755	792	754	744	753	741	750	745	745	748	739	742	745
790	762.48204	787	758	755	767	763	790	757	744	750	740	742	739	743	747	745	746	746
791	763.05624	778	757	753	756	757	785	753	751	742	743	741	746	743	749	747	740	745
792	763.63048	792	760	753	755	752	805	761	751	754	737	751	747	742	745	747	745	753
793	764.20477	787	750	763	752	760	801	754	743	753	745	739	748	744	742	746	747	744
794	764.77911	787	757	748	758	749	803	758	746	747	744	742	749	752	746	743	743	756
795	765.3535	778	751	764	756	761	786	755	740	748	741	743	742	742	743	742	745	751
796	765.92793	786	749	765	758	763	791	759	742	748	743	755	743	745	749	746	741	747
797	766.50242	783	747	751	756	754	788	759	748	754	747	744	753	749	752	746	744	744
798	767.07695	789	752	759	755	762	785	764	747	743	744	749	750	746	743	747	743	740
799	767.65152	777	756	756	755	748	788	755	755	744	746	738	747	750	741	748	740	746
800	768.22615	778	765	754	755	755	790	751	743	741	747	751	747	753	747	748	741	747
801	768.80082	782	757	751	755	758	785	753	747	747	747	746	746	750	747	740	752	745
802	769.37554	796	754	752	760	758	792	765	748	747	748	744	742	747	743	749	746	742
803	769.95031	775	750	748	762	756	791	754	750	743	747	748	752	747	743	749	743	744
804	770.52513	796	762	752	752	758	801	763	747	746	744	757	753	748	749	746	745	754
805	771.09999	781	758	752	753	753	786	753	740	747	750	743	754	743	744	750	759	742
806	771.6749	781	753	754	751	746	786	759	747	748	748	750	747	750	744	742	749	744
807	772.24986	781	755	754	752	758	789	760	740	748	747	745	743	743	747	750	740	739
808	772.82487	778	761	751	754	747	785	757	744	742	748	745	756	749	745	754	748	742
809	773.39992	783	753	749	755	753	788	765	745	744	751	742	746	748	742	746	747	747
810	773.97502	772	754	747	747	752	783	752	738	747	744	745	740	749	747	746	746	737
811	774.55017	789	756	747	749	747	781	754	753	749	750	746	745	744	743	751	742	749
812	775.12537	770	753	756	759	752	791	761	740	751	746	750	749	745	746	739	745	751
813	775.70061	779	756	759	752	750	794	758	754	746	750	747	749	740	744	744	742	748
814	776.27591	775	749	747	750	753	785	752	751	751	743	747	746	743	747	751	750	745
815	776.85125	780	755	744	754	754	783	751	743	749	742	743	744	747	746	743	743	738
816	777.42663	784	753	748	760	752	776	753	747	743	744	745	746	749	744	742	748	755
817	778.00207	771	754	752	752	753	783	760	744	746	742	744	741	750	747	747	745	750
818	778.57755	780	757	749	759	745	791	752	747	749	745	749	745	740	747	746	742	746
819	779.15308	780	761	756	760	754	784	763	748	750	755	747	748	750	749	753	744	748
820	779.72866	773	750	755	757	756	786	752	749	746	741	745	744	746	746	743	744	742
821	780.30429	780	744	757	755	748	788	760	744	747	746	747	747	740	740	747	740	740
822	780.87996	776	756	751	746	750	783	754	750	749	743	737	749	751	740	740	746	748
823	781.45568	775	750	755	756	746	776	759	743	745	736	740	751	745	741	747	741	740
824	782.03145	769	748	750	755	751	776	758	752	743	751	744	743	741	739	742	736	744
825	782.60727	770	749	757	755	748	775	757	747	746	747	743	743	743	744	740	739	745
826	783.18314	773	753	749	749	744	779	756	747	752	743	743	742	746	739	750	747	748
827	783.75905	777	761	746	751	742	770	755	746	749	747	746	737	741	739	741	745	747
828	784.33501	784	756	759	750	757	774	757	743	747	745	746	742	747	739	743	746	743
829	784.91101	772	755	754	755	745	772	752	750	757	741	751	750	749	745	742	740	744
830	785.48707	778	759	754	752	755	772	749	741	740	741	742	744	746	745	745	741	740
831	786.06317	770	750	749	747	750	773	751	744	741	745	745	749	740	742	743	737	742
832	786.63932	773	757	748	746	751	771	754	745	748	748	745	746	747	740	749	745	749
833	787.21552	774	750	741	752	743	773	753	746	743	749	745	742	750	749	743	743	740
834	787.79177	767	743	752	757	754	779	754	740	742	749	738	746	746	748	741	742	740
835	788.36806	774	748	744	750	748	771	751	748	742	737	746	745	744	755	745	746	741
836	788.9444	766	753	752	760	752	773	758	741	738	748	751	742	743	746	742	747	744
837	789.52079	779	750	747	752	750	777	748	737	750	750	747	745	749	742	743	740	750
838	790.09723	772	757	759	755	754	774	749	744	740	744	740	744	743	742	738	746	736
839	790.67371	765	758	744	753	747	783	750	746	746	747	747	745	742	741	745	745	742
840	791.25024	778	751	754	749	758	774	759	741	739	748	741	739	750	738	739	747	746
841	791.82682	773	750	747	751	745	771	756	746	745	749	738	751	743	746	743	741	742
842	792.40345	770	746	746	755	747	776	748	741	735	741	747	740	744	746	747	746	746
843	792.98013	766	746	748	750	748	770	751	749	740	735	743	743	736	749	741	738	745
844	793.55685	776	743	749	753	750	777	748	739	744	743	746	744	741	745	743	750	751
845	794.13362	769	753	752	750	749	780	744	745	741	747	749	741	743	748	747	745	746
846	794.71044	763	739	749	750	748	769	754	749	745	745	742	749	738	745	739	748	739
847	795.2873	773	741	746	752	751	777	753	741	742	740	744	743	742	742	745	739	744
848	795.86421	771	755	748	750	755	778	751	745	746	739	741	749	746	750	741	743	746
849	796.44118	765	749	753	745	750	776	748	747	740	746	740	745	747	745	742	743	747
850	797.01818	767	747	755	749	741	782	751	745	746	738	742	747	750	747	742	741	739
851	797.59524	776	753	748	755	743	771	747	745	739	742	740	737	737	747	743	740	745
852	798.17234	770	747	749	745	760	771	752	747	750	745	739	743	746	745	741	737	749
853	798.7495	770	751	747	752	742	767	751	748	743	738	741	748	748	752	747	745	749
854	799.32669	770	747	751	748	739	774	758	741	739	742	743	739	739	743	744	741	740
855	799.90394	766	750	745	757	744	773	746	743	739	746	741	749	742	737	744	740	738
856	800.48124	763	746	755	757	752	783	751	746	750	741	742	738	742	741	740	743	744
857	801.05858	768	747	748	749	745	770	751	744	737	733	747	750	739	745	748	747	738
858	801.63597	776	747	753	745	743	779	755	742	742	743	745	742	740	736	743	742	745
859	802.21341	767	746	746	754	748	775	757	749	742	747	744	743	743	740	747	737	746
860	802.79089	783	748	749	750	738	778	762	739	744	745	746	737	742	741	738	747	738
861	803.36842	763	755	751	749	753	784	756	738	744	739	742	736	743	744	747	744	744
862	803.946	768	754	759	749	741	766	751	743	745	745	744	743	747	747	738	743	748
863	804.52363	765	749	752	744	755	777	752	740	738	746	745	741	743	743	744	737	740
864	805.10131	769	755	747	752	744	773	757	741	749	736	745	737	740	736	737	738	746
865	805.67903	770	750	754	751	745	767	753	741	747	738	743	739	748	744	743	742	738
866	806.2568	769	755	745	755	744	765	744	744	745	745	741	739	738	743	747	738	738
867	806.83462	775	755	752	741	748	770	754	745	743	740	740	743	742	744	743	734	740
868	807.41249	767	747	739	747	748	767	754	741	738	752	745	747	744	744	751	743	741
869	807.9904	771	752	749	748	750	761	749	747	743	746	743	740	742	742	743	745	745
870	808.56836	760	762	741	752	750	767	753	747	742	742	750	738	741	734	736	746	742
871	809.14637	767	756	751	748	751	774	759	742	748	745	739	748	739	743	735	740	741
872	809.72443	767	752	747	744	749	771	757	742	739	743	747	746	747	743	749	742	740
873	810.30254	762	743	750	750	742	776	753	745	741	743	742	744	748	741	743	739	749
874	810.88069	768	748	749	751	748	775	754	743	748	742	747	746	739	745	736	747	743
875	811.45889	773	751	750	744	755	774	747	748	748	744	748	741	749	742	745	744	750
876	812.03714	772	749	747	750	754	783	754	751	744	749	749	747	744	742	754	746	744
877	812.61543	763	746	748	748	753	763	753	743	745	745	744	741	738	746	747	744	748
878	813.19378	759	745	747	743	747	770	757	739	744	746	740	740	737	744	745	741	745
879	813.77217	768	745	746	747	750	767	745	748	751	750	735	750	739	741	739	741	745
880	814.3506	765	748	748	741	751	775	757	751	742	738	745	746	746	747	746	740	753
881	814.92909	766	744	755	746	743	766	750	743	735	740	737	740	739	743	745	741	744
882	815.50762	770	746	748	743	747	769	748	747	738	749	749	744	744	742	741	746	742
883	816.08621	768	753	750	747	744	779	749	744	741	748	741	743	739	744	741	746	735
884	816.66484	769	749	748	743	748	768	752	747	748	739	745	740	742	739	741	743	743
885	817.24351	762	753	746	744	746	769	761	748	749	743	750	742	744	745	744	747	743
886	817.82224	767	751	748	744	739	771	753	753	747	736	743	742	744	735	752	740	744
887	818.40101	774	753	747	752	741	770	755	745	747	738	740	745	741	735	738	743	744
888	818.97983	784	746	750	751	745	774	750	748	746	744	748	746	745	747	747	741	741
889	819.5587	772	747	737	748	745	772	759	740	743	742	745	743	743	743	739	742	745
890	820.13761	765	750	748	745	745	781	759	743	746	737	747	746	743	741	740	744	737
891	820.71657	771	741	746	752	741	775	752	746	744	744	744	740	746	744	748	748	740
892	821.29558	764	752	754	754	747	774	751	750	746	748	743	745	748	747	744	742	742
893	821.87464	760	750	747	747	753	781	752	745	747	743	743	743	745	739	742	746	741
894	822.45375	760	748	746	748	750	777	746	738	749	744	742	736	744	750	743	745	745
895	823.0329	772	745	747	746	751	769	752	737	746	744	737	745	739	740	739	742	739
896	823.6121	772	747	747	748	750	775	751	742	749	742	738	745	742	741	744	740	741
897	824.19135	773	752	755	750	741	773	755	746	747	746	742	740	745	747	741	734	740
898	824.77065	767	758	746	750	748	774	747	744	738	742	742	740	739	741	737	739	734
899	825.34999	766	747	740	742	743	768	753	743	738	741	739	735	742	741	738	740	741
900	825.92938	769	745	746	753	745	775	753	744	736	739	740	741	745	739	740	741	744
901	826.50882	774	739	750	742	752	788	746	748	735	745	740	743	741	747	739	743	740
902	827.08831	758	742	747	748	745	770	749	746	738	741	745	743	742	742	738	746	743
903	827.66785	767	754	749	754	754	776	749	735	740	746	737	736	739	738	743	743	744
904	828.24743	764	756	747	747	755	776	756	741	735	748	739	737	734	733	736	740	737
905	828.82706	767	751	749	751	739	782	748	742	740	742	736	743	747	743	735	741	747
906	829.40674	767	745	743	744	750	783	754	741	742	737	742	736	747	731	741	740	740
907	829.98646	764	760	743	743	750	771	757	744	738	737	743	742	741	736	742	739	745
908	830.56623	766	751	742	738	744	782	743	738	747	738	742	747	740	741	743	751	740
909	831.14606	772	746	748	741	756	767	758	745	740	738	741	746	747	737	746	740	742
910	831.72592	767	753	745	748	747	777	756	737	735	739	739	749	742	743	743	743	742
911	832.30584	775	750	751	749	742	781	760	748	738	735	739	741	742	738	738	738	739
912	832.8858	778	741	749	754	742	780	747	739	737	746	742	739	738	743	744	743	736
913	833.46582	773	745	755	753	743	781	753	741	746	747	743	741	742	739	743	744	745
914	834.04587	777	747	751	750	749	780	751	747	735	742	747	738	742	745	739	737	742
915	834.62598	777	747	750	750	755	781	755	742	742	743	740	743	741	744	742	738	736
916	835.20614	767	754	747	747	750	787	752	745	736	738	744	747	743	744	742	748	736
917	835.78634	766	754	755	753	751	783	756	741	740	747	743	743	741	741	742	744	744
918	836.36659	774	752	741	757	747	789	757	735	740	750	743	743	746	741	742	745	739
919	836.94688	775	748	754	755	750	790	749	741	740	741	742	738	743	740	739	742	743
920	837.52723	770	754	748	758	752	790	755	749	743	740	745	734	747	741	741	743	744
921	838.10762	784	753	745	751	753	785	756	745	746	741	741	751	748	743	739	745	748
922	838.68806	778	751	749	751	749	794	754	745	744	738	741	738	739	741	752	736	742
923	839.26855	776	757	752	752	742	795	755	743	741	748	741	736	744	743	740	747	741
924	839.84909	785	753	747	754	745	787	756	740	742	747	738	741	736	744	743	739	742
925	840.42967	780	755	757	754	747	800	753	740	742	742	739	746	737	744	733	743	736
926	841.0103	781	755	765	759	750	792	753	740	742	742	743	738	741	742	742	739	741
927	841.59098	783	756	759	746	745	802	757	742	743	742	741	741	741	739	737	742	749
928	842.17171	786	753	749	754	745	796	753	741	737	737	738	741	743	740	740	738	735
929	842.75248	788	752	746	758	747	802	760	737	734	743	746	747	739	742	738	742	742
930	843.3333	783	758	750	748	747	798	753	742	740	748	745	740	741	739	735	746	743
931	843.91417	797	754	747	754	754	800	756	734	744	738	739	741	745	746	741	738	745
932	844.49509	781	760	751	751	751	819	765	735	744	737	743	742	750	737	738	744	742
933	845.07605	800	758	751	748	749	815	762	749	741	746	746	736	739	744	741	740	744
934	845.65707	799	754	753	756	755	808	764	741	743	744	750	739	737	745	742	745	740
935	846.23813	810	758	750	754	761	810	768	739	741	740	738	740	745	740	738	740	744
936	846.81923	814	758	750	755	753	827	756	745	738	742	743	735	746	742	739	739	738
937	847.40039	799	755	752	761	747	807	766	746	738	746	737	739	745	745	739	749	736
938	847.98159	796	757	756	760	755	817	759	735	743	739	739	743	748	742	744	744	740
939	848.56284	797	753	752	757	752	815	758	742	744	737	744	739	746	738	738	751	743
940	849.14414	805	761	766	761	761	818	760	755	747	749	746	741	753	742	753	745	742
941	849.72549	793	756	756	753	754	835	770	740	749	742	739	737	742	747	742	743	739
942	850.30688	802	757	763	762	759	823	767	743	740	739	742	742	739	742	740	741	737
943	850.88832	817	760	763	759	760	831	764	741	739	745	749	739	743	745	749	739	744
944	851.46981	808	755	758	761	756	829	763	752	748	750	742	736	742	736	742	738	739
945	852.05135	814	764	759	766	751	840	762	740	743	741	747	742	738	742	748	745	746
946	852.63293	813	764	747	750	748	842	764	743	744	742	743	739	740	746	742	753	748
947	853.21457	810	775	765	758	762	836	759	744	741	743	743	743	737	740	738	743	744
948	853.79625	814	768	756	762	754	831	778	743	735	741	740	745	754	745	737	747	746
949	854.37797	835	761	757	759	757	850	768	744	743	741	741	747	739	741	736	752	738
950	854.95975	824	767	757	759	757	849	767	756	737	745	747	739	741	738	750	745	742
951	855.54157	814	774	758	770	753	851	770	749	740	745	739	748	746	742	739	743	746
952	856.12344	825	767	755	758	758	846	775	750	743	746	747	751	740	735	736	741	747
953	856.70536	826	772	761	763	764	851	783	754	738	741	749	743	750	744	746	743	741
954	857.28732	819	761	769	766	756	864	771	743	742	745	742	739	744	735	739	736	739
955	857.86934	832	764	765	760	756	856	771	744	744	746	743	746	739	743	739	743	744
956	858.4514	834	767	760	764	758	866	774	748	740	746	744	739	747	740	741	744	744
957	859.03351	837	769	767	765	755	875	784	751	740	746	742	741	738	741	742	742	747
958	859.61566	838	772	761	770	758	871	775	747	739	741	739	736	745	739	736	739	739
959	860.19787	838	770	755	774	766	872	785	750	746	744	744	742	743	749	732	739	736
960	860.78012	848	766	765	768	768	885	778	750	748	738	746	742	745	744	739	743	739
961	861.36242	856	775	765	771	755	893	787	739	745	736	741	748	738	740	741	744	740
962	861.94477	855	762	757	769	758	908	791	746	745	746	743	742	737	741	735	743	740
963	862.52716	834	780	763	772	763	894	790	745	744	745	741	739	739	738	736	743	738
964	863.1096	857	774	770	771	762	884	786	751	746	735	745	745	738	739	743	743	742
965	863.69209	870	775	759	769	764	905	794	746	739	743	739	743	751	741	743	743	743
966	864.27463	878	773	767	774	756	911	799	751	747	747	742	749	739	747	742	745	744
967	864.85722	866	760	765	779	761	908	794	748	743	746	742	742	740	739	741	742	738
968	865.43985	872	775	767	791	763	902	792	742	746	751	740	743	747	739	740	742	745
969	866.02253	864	774	770	774	774	911	789	745	738	746	736	741	741	747	744	744	741
970	866.60526	883	771	777	775	765	933	800	742	746	742	745	744	745	737	734	741	746
971	867.18804	875	782	768	780	764	912	794	750	746	743	740	745	736	741	740	739	739
972	867.77086	877	780	767	784	763	930	795	748	742	739	743	740	749	734	743	742	739
973	868.35373	878	787	769	784	768	931	795	748	739	753	748	737	744	740	743	748	741
974	868.93665	884	779	773	793	772	942	803	749	746	747	738	746	743	739	743	739	737
975	869.51962	885	782	773	780	761	956	801	738	746	742	743	741	739	741	744	741	743
976	870.10263	889	785	783	785	773	963	810	751	740	748	740	740	749	743	743	744	743
977	870.68569	911	774	777	776	767	955	802	749	745	744	737	749	745	743	747	735	737
978	871.2688	898	784	778	789	766	966	812	747	739	742	743	747	746	742	740	739	743
979	871.85196	914	782	767	784	769	977	810	746	747	746	741	742	741	742	746	738	742
980	872.43516	926	784	780	787	773	978	809	752	744	745	747	749	740	747	743	743	738
981	873.01842	930	787	777	775	768	962	811	753	747	736	746	747	736	742	743	741	742
982	873.60172	941	776	767	792	763	994	822	753	745	747	742	741	745	736	741	739	742
983	874.18507	925	796	789	789	776	984	813	746	738	744	742	743	738	743	735	742	738
984	874.76846	930	795	786	799	775	1002	804	751	740	743	740	745	743	743	742	740	739
985	875.35191	942	784	783	795	773	983	825	755	745	744	743	742	742	743	745	739	739
986	875.9354	943	792	784	790	776	995	806	749	746	739	738	747	744	736	732	740	743
987	876.51893	951	779	774	791	774	992	823	749	740	748	739	742	738	740	735	742	739
988	877.10252	953	792	786	804	777	1008	812	748	741	747	746	740	739	740	738	742	743
989	877.68616	954	800	790	792	783	1019	828	757	742	753	747	746	747	741	742	736	751
990	878.26984	962	800	787	795	774	1027	826	748	742	748	749	753	743	744	746	745	745
991	878.85357	953	803	776	791	779	1019	809	741	746	742	739	747	748	743	740	737	735
992	879.43734	949	806	778	801	767	1024	819	749	746	742	733	745	738	741	739	737	744
993	880.02117	961	784	805	800	781	1054	820	748	742	744	744	747	740	746	740	736	742
994	880.60504	989	793	793	798	772	1039	829	746	745	750	734	744	742	741	747	739	740
995	881.18896	997	819	792	799	786	1057	819	758	756	748	749	745	749	747	743	746	749
996	881.77293	979	806	802	810	785	1057	833	753	747	757	747	746	749	740	743	746	745
997	882.35694	974	808	792	803	781	1047	836	748	742	743	743	748	744	746	745	739	740
998	882.94101	988	816	803	796	782	1058	825	752	745	744	736	742	743	745	743	741	742
999	883.52512	996	798	790	803	782	1034	824	755	750	755	739	748	743	749	741	740	747
1000	884.10928	981	804	800	807	792	1068	833	748	742	748	740	742	740	744	741	747	743
1001	884.69348	996	804	788	818	789	1069	839	755	745	749	748	746	740	736	741	738	741
1002	885.27774	989	795	799	808	794	1077	838	746	748	741	746	743	742	742	741	743	745
1003	885.86204	1041	796	802	804	782	1093	848	760	744	741	744	744	743	739	739	741	745
1004	886.44639	1000	811	790	821	783	1074	836	755	743	745	740	742	737	741	747	743	744
1005	887.03078	998	806	799	806	784	1080	858	746	743	744	739	749	742	744	745	740	743
1006	887.61523	1013	821	801	799	779	1107	858	751	747	744	741	745	736	740	745	739	745
1007	888.19972	1026	801	803	809	789	1088	864	745	747	749	745	747	747	742	745	735	747
1008	888.78426	1020	816	807	824	800	1128	842	752	747	745	747	745	744	746	750	744	744
1009	889.36885	1041	812	813	817	799	1139	844	753	740	742	746	753	737	733	739	741	742
1010	889.95348	1042	812	802	822	790	1116	847	757	748	743	746	744	742	747	734	745	742
1011	890.53816	1050	805	810	820	798	1115	856	756	745	747	736	744	742	742	739	747	743
1012	891.12289	1030	810	803	818	800	1100	850	751	743	741	744	747	738	744	745	737	744
1013	891.70767	1041	823	814	822	799	1145	859	756	742	749	743	748	736	751	743	739	743
1014	892.2925	1064	815	806	828	798	1121	862	758	747	739	741	743	746	735	742	744	739
1015	892.87737	1064	820	808	836	798	1152	863	758	750	742	741	747	737	746	739	740	746
1016	893.46229	1081	814	811	812	784	1133	863	758	746	740	734	750	744	747	745	737	745
1017	894.04726	1086	827	825	829	802	1201	861	754	741	742	746	749	742	737	741	748	742
1018	894.63228	1050	828	815	825	806	1150	853	756	741	742	742	745	743	743	743	741	746
1019	895.21734	1073	825	805	828	796	1149	860	752	750	747	739	745	747	745	746	741	743
1020	895.80245	1078	818	822	818	792	1192	869	754	746	751	742	754	747	745	746	740	748
1021	896.38761	1075	829	800	828	789	1145	879	754	745	745	740	743	737	739	743	745	749
1022	896.97282	1064	835	817	822	793	1168	869	762	743	749	745	749	742	749	745	734	738
1023	897.55807	1086	835	819	825	798	1188	883	757	738	745	746	744	740	749	738	741	738
1024	898.14338	1065	835	818	842	811	1184	867	752	750	741	750	745	747	744	740	739	739