	V1	V2	V3	V4	V5	V6	V7	V8	V9	V10	V11	V12
1	324.1504	903	843	802	793	782	762	757	757	750	764	828
2	324.69607	883	824	812	779	771	759	762	761	753	763	833
3	325.24175	896	848	812	786	779	765	767	763	760	761	856
4	325.78745	905	837	816	785	783	763	766	754	755	763	818
5	326.33316	890	857	806	795	766	754	755	758	754	757	853
6	326.8789	900	841	819	787	770	760	769	754	752	767	837
7	327.42465	899	831	818	792	781	760	763	767	749	761	850
8	327.97042	909	843	818	780	777	773	763	758	755	767	852
9	328.51621	902	841	828	775	774	767	755	761	756	770	841
10	329.06202	889	844	810	797	771	764	768	766	749	762	856
11	329.60785	890	841	803	790	763	764	763	751	762	759	845
12	330.15369	908	850	813	785	783	765	756	769	755	766	852
13	330.69955	891	835	794	786	779	769	756	765	752	768	851
14	331.24543	886	849	802	786	779	766	768	762	747	756	841
15	331.79133	899	837	804	790	771	766	763	765	747	765	849
16	332.33725	907	844	817	791	777	755	757	763	752	762	837
17	332.88318	900	848	807	799	774	767	746	759	749	763	841
18	333.42913	895	851	820	790	768	760	757	757	750	762	840
19	333.9751	920	842	827	787	767	765	762	766	757	767	850
20	334.52109	900	853	815	785	783	754	763	761	757	759	841
21	335.0671	899	857	804	787	781	768	762	755	754	767	852
22	335.61312	899	855	805	789	781	758	752	756	749	766	844
23	336.15917	902	844	813	785	779	762	761	760	753	766	854
24	336.70523	906	843	813	780	771	757	765	764	760	764	846
25	337.2513	914	848	816	798	781	770	759	758	756	764	857
26	337.7974	900	847	804	799	776	762	760	761	752	757	840
27	338.34352	900	836	811	781	779	766	764	765	751	773	834
28	338.88965	903	854	812	794	778	766	759	763	756	767	844
29	339.4358	912	845	824	783	774	763	760	766	762	764	831
30	339.98197	894	845	813	797	778	767	761	750	755	761	845
31	340.52816	910	862	799	793	771	778	766	762	749	766	826
32	341.07436	904	847	809	794	773	755	770	765	752	773	851
33	341.62059	919	836	816	778	768	765	762	763	749	766	841
34	342.16683	901	847	813	804	782	770	759	760	744	767	852
35	342.71309	905	839	817	782	778	761	767	765	748	767	851
36	343.25936	909	853	802	788	785	770	754	767	759	767	865
37	343.80566	923	861	819	799	782	767	753	752	756	762	846
38	344.35197	900	840	820	780	781	773	767	761	750	768	839
39	344.89831	900	855	814	776	780	768	763	756	748	775	840
40	345.44466	904	847	828	791	768	762	762	755	752	767	847
41	345.99102	913	849	819	799	777	771	756	764	752	763	847
42	346.53741	916	853	806	798	773	773	759	759	759	767	862
43	347.08381	917	850	826	788	769	767	753	760	756	767	856
44	347.63024	929	849	810	805	776	768	764	758	757	768	856
45	348.17668	921	853	819	797	781	780	761	758	753	764	848
46	348.72314	908	853	817	782	786	770	757	760	756	772	860
47	349.26961	915	857	816	796	781	776	767	765	761	774	854
48	349.81611	898	852	819	794	776	767	758	767	744	768	856
49	350.36262	906	850	820	790	777	765	764	761	758	765	872
50	350.90915	928	856	833	801	775	772	762	766	749	762	849
51	351.4557	922	861	811	789	775	770	761	769	753	765	872
52	352.00227	927	860	829	796	794	774	763	759	766	770	870
53	352.54885	914	863	816	799	777	771	769	761	752	759	882
54	353.09545	925	856	813	798	782	771	769	767	756	774	853
55	353.64208	936	853	809	808	790	774	756	765	754	771	849
56	354.18872	925	870	832	787	779	768	762	767	758	772	865
57	354.73537	929	868	829	789	783	767	762	779	754	762	853
58	355.28205	951	855	824	798	779	780	760	767	759	776	857
59	355.82874	910	853	816	805	779	767	753	763	759	769	871
60	356.37545	917	890	815	798	778	768	757	770	749	772	859
61	356.92218	933	880	832	795	780	765	769	765	756	770	873
62	357.46893	956	857	827	799	783	769	759	766	757	768	865
63	358.0157	948	870	813	792	785	764	771	771	759	771	867
64	358.56248	934	859	821	798	799	768	769	766	748	777	863
65	359.10928	931	864	839	810	777	767	762	755	757	768	853
66	359.6561	920	886	807	785	781	764	764	758	758	771	858
67	360.20294	971	865	823	806	777	768	772	767	759	765	863
68	360.7498	943	856	821	789	780	770	764	767	755	776	867
69	361.29667	952	858	828	793	773	770	763	770	756	774	883
70	361.84356	944	862	831	796	790	771	771	765	747	767	871
71	362.39047	942	876	831	790	785	769	766	774	753	767	862
72	362.9374	947	895	829	800	783	777	770	761	751	770	865
73	363.48435	935	872	836	792	784	763	768	778	753	772	845
74	364.03131	959	875	825	810	778	773	764	776	749	776	863
75	364.5783	926	892	826	802	789	778	759	769	752	774	873
76	365.1253	940	857	837	798	793	770	763	769	751	771	868
77	365.67232	945	877	831	797	788	780	772	773	760	769	902
78	366.21935	952	880	826	802	777	775	767	767	769	767	881
79	366.76641	945	908	834	810	782	778	763	756	767	777	884
80	367.31348	959	871	826	809	776	779	768	769	755	776	879
81	367.86057	961	879	826	806	787	769	768	778	758	767	865
82	368.40768	959	883	828	812	774	769	767	772	757	772	873
83	368.95481	968	878	837	804	779	774	760	765	756	772	887
84	369.50195	955	895	837	808	783	783	782	767	764	779	874
85	370.04912	960	885	847	808	793	783	752	763	755	768	887
86	370.5963	968	883	838	797	793	771	760	770	749	769	867
87	371.1435	960	898	854	819	782	774	769	764	757	768	897
88	371.69072	956	895	835	808	791	775	767	763	758	783	900
89	372.23795	972	888	830	813	791	773	775	765	757	775	882
90	372.78521	965	889	837	804	782	771	767	770	757	773	892
91	373.33248	989	899	841	824	781	768	760	772	761	776	891
92	373.87977	960	891	834	810	779	780	769	764	766	766	904
93	374.42708	979	924	848	813	797	768	764	774	753	774	895
94	374.9744	982	884	853	808	791	778	766	772	760	774	903
95	375.52175	987	900	848	817	789	770	759	782	755	778	915
96	376.06911	968	901	837	816	795	781	772	775	753	774	915
97	376.61649	990	903	854	823	787	781	767	763	761	774	902
98	377.16389	987	912	831	809	801	786	768	762	757	780	906
99	377.71131	978	899	850	830	786	785	778	769	748	772	915
100	378.25874	1004	923	860	814	791	774	763	773	763	773	909
101	378.80619	1016	894	859	812	791	786	774	767	761	786	918
102	379.35367	995	918	859	822	793	778	774	771	760	776	911
103	379.90115	996	909	868	828	803	785	765	775	760	779	904
104	380.44866	1041	935	857	808	795	791	772	775	763	782	915
105	380.99619	1029	921	862	833	800	789	769	772	765	781	938
106	381.54373	1042	916	870	813	790	785	771	779	764	774	924
107	382.09129	1035	915	861	816	805	787	771	772	759	779	934
108	382.63887	1052	940	882	831	792	778	768	768	759	778	935
109	383.18647	1014	926	870	816	799	777	779	770	758	791	953
110	383.73408	1041	953	892	826	795	780	770	773	754	782	956
111	384.28172	1049	949	868	831	801	780	786	786	757	787	961
112	384.82937	1075	945	871	835	794	775	774	771	757	778	947
113	385.37704	1041	968	878	848	798	782	763	773	767	788	979
114	385.92473	1086	952	866	842	797	787	785	765	767	777	956
115	386.47243	1073	957	888	837	800	787	767	775	760	777	973
116	387.02016	1094	958	894	842	804	775	777	781	762	783	967
117	387.5679	1085	976	899	834	799	787	772	779	761	792	986
118	388.11566	1077	969	886	827	807	788	776	787	763	787	987
119	388.66344	1108	954	892	833	814	793	769	778	762	782	973
120	389.21123	1126	979	902	863	817	790	779	787	753	789	996
121	389.75905	1098	966	908	837	816	804	783	776	768	786	991
122	390.30688	1104	984	898	857	810	790	791	787	767	793	998
123	390.85473	1130	995	913	858	823	801	787	790	765	800	999
124	391.4026	1151	998	899	843	815	795	785	787	765	793	983
125	391.95049	1163	1029	913	863	826	789	780	783	766	785	1033
126	392.49839	1189	1031	921	866	806	802	784	781	760	782	1030
127	393.04631	1188	1038	936	870	820	797	782	791	764	798	1048
128	393.59425	1216	1044	920	861	835	804	781	789	772	798	1037
129	394.14221	1194	1063	932	880	829	809	785	787	763	794	1072
130	394.69019	1243	1082	947	883	836	800	785	787	768	792	1094
131	395.23819	1293	1086	960	887	836	813	798	792	767	811	1092
132	395.7862	1311	1080	945	900	834	807	794	784	767	808	1126
133	396.33423	1311	1122	967	879	850	810	789	801	781	811	1118
134	396.88228	1361	1125	989	894	845	806	789	799	775	810	1138
135	397.43035	1360	1150	997	927	840	818	804	814	776	804	1172
136	397.97843	1432	1176	1016	925	858	817	800	805	775	814	1182
137	398.52654	1465	1182	1043	929	865	809	810	805	775	818	1188
138	399.07466	1502	1225	1018	955	867	841	801	802	773	809	1215
139	399.6228	1525	1276	1069	944	883	838	800	826	773	820	1275
140	400.17096	1606	1291	1084	952	885	832	818	818	776	834	1273
141	400.71913	1670	1307	1116	955	892	844	828	826	779	847	1323
142	401.26733	1667	1399	1130	982	903	854	826	824	794	851	1377
143	401.81554	1749	1383	1172	983	899	861	828	831	787	856	1408
144	402.36377	1827	1424	1208	1018	906	861	831	820	782	843	1420
145	402.91202	1916	1471	1208	1025	927	862	832	843	788	841	1486
146	403.46028	1999	1566	1252	1053	952	876	845	839	800	852	1530
147	404.00857	2131	1618	1271	1095	949	891	836	854	805	875	1631
148	404.55687	2199	1684	1320	1103	982	888	849	855	805	887	1690
149	405.10519	2317	1718	1383	1145	991	887	854	864	801	889	1767
150	405.65353	2440	1834	1421	1178	997	928	874	871	795	904	1851
151	406.20189	2571	1902	1510	1173	1006	946	880	896	805	899	1934
152	406.75026	2732	1983	1526	1216	1054	929	874	889	817	939	2016
153	407.29865	2895	2108	1576	1256	1074	965	893	920	824	932	2092
154	407.84707	3061	2211	1635	1311	1079	977	902	919	818	933	2222
155	408.39549	3147	2331	1695	1331	1100	1009	896	935	831	965	2362
156	408.94394	3395	2469	1793	1425	1181	1033	924	944	832	998	2437
157	409.49241	3639	2603	1891	1470	1186	1039	948	948	826	992	2623
158	410.04089	3880	2776	1956	1489	1205	1059	947	962	856	997	2818
159	410.58939	4203	2995	2055	1579	1265	1092	964	961	845	1024	2931
160	411.13791	4373	3082	2194	1632	1273	1110	999	1019	852	1057	3022
161	411.68645	4695	3189	2317	1719	1351	1168	1030	1035	851	1057	3275
162	412.235	4990	3458	2407	1773	1386	1179	1031	1046	875	1097	3417
163	412.78358	5389	3635	2523	1846	1406	1214	1043	1069	877	1135	3623
164	413.33217	5691	3922	2735	1937	1451	1225	1093	1055	890	1164	3857
165	413.88078	6084	4127	2814	2019	1503	1279	1097	1112	901	1177	4084
166	414.42941	6446	4351	2992	2028	1594	1295	1127	1162	902	1221	4391
167	414.97805	6903	4644	3150	2251	1617	1353	1156	1179	924	1259	4678
168	415.52672	7313	4921	3367	2271	1730	1383	1193	1210	935	1294	4869
169	416.0754	7810	5130	3458	2437	1777	1394	1177	1257	966	1333	5220
170	416.6241	8410	5534	3666	2553	1843	1439	1248	1267	957	1336	5612
171	417.17282	8750	5828	3859	2640	1960	1487	1268	1293	948	1391	5862
172	417.72156	9243	6092	4058	2764	1989	1572	1311	1331	980	1464	6194
173	418.27031	9938	6569	4317	2879	2076	1580	1347	1397	1004	1484	6416
174	418.81908	10529	6812	4561	3008	2135	1693	1375	1442	998	1513	6856
175	419.36787	11139	7357	4759	3148	2261	1762	1467	1455	1063	1590	7377
176	419.91668	11747	7741	5081	3339	2394	1813	1458	1493	1056	1603	7603
177	420.46551	12263	8123	5261	3521	2478	1812	1512	1545	1058	1691	8031
178	421.01435	13156	8566	5603	3682	2611	1913	1518	1604	1079	1712	8472
179	421.56322	13763	8991	5750	3767	2693	1978	1588	1656	1099	1777	9061
180	422.1121	14526	9519	6056	3971	2743	2025	1625	1700	1150	1834	9522
181	422.661	15355	10021	6448	4150	2841	2204	1719	1714	1113	1887	9959
182	423.20991	16182	10338	6740	4439	2938	2205	1738	1764	1151	1966	10455
183	423.75885	16731	10910	7045	4486	3100	2258	1755	1863	1196	1995	10864
184	424.3078	17597	11430	7340	4705	3238	2367	1858	1889	1222	2078	11493
185	424.85677	18507	12030	7536	4841	3324	2392	1933	1996	1224	2134	12203
186	425.40576	19368	12499	7978	5011	3455	2502	1958	2020	1237	2177	12580
187	425.95477	20101	13138	8423	5211	3614	2610	1994	2078	1284	2229	13073
188	426.5038	21040	13533	8705	5508	3758	2696	2059	2125	1300	2293	13600
189	427.05284	21912	14091	9107	5683	3762	2763	2124	2192	1324	2325	14096
190	427.6019	22787	14736	9424	5861	3968	2786	2139	2274	1360	2392	15012
191	428.15098	23681	15469	9677	6228	4106	2910	2198	2349	1379	2481	15360
192	428.70008	24601	15763	10107	6352	4240	2942	2279	2398	1404	2645	15819
193	429.2492	25453	16410	10314	6565	4392	3053	2315	2420	1436	2677	16451
194	429.79833	26279	16990	10770	6801	4481	3198	2407	2474	1438	2726	17140
195	430.34748	27239	17474	11007	6919	4681	3193	2469	2562	1451	2776	17552
196	430.89665	28361	18139	11525	7278	4785	3387	2509	2683	1486	2847	18033
197	431.44584	29179	18670	11805	7518	4876	3421	2592	2785	1550	2904	18837
198	431.99505	29955	19206	12158	7636	5055	3514	2676	2759	1587	2959	19243
199	432.54427	30671	19812	12600	7814	5272	3608	2697	2853	1553	2961	20014
200	433.09352	31789	20543	13062	8133	5268	3767	2775	2874	1586	3082	20493
201	433.64278	32730	21092	13234	8195	5440	3783	2794	2961	1625	3161	21183
202	434.19206	33395	21611	13468	8498	5537	3904	2847	2990	1675	3233	21835
203	434.74135	34418	22398	14049	8604	5719	3942	2936	3116	1644	3306	22399
204	435.29067	35250	22546	14259	8944	5798	3957	2965	3118	1721	3346	22655
205	435.84	35721	23286	14517	9077	5976	4103	3037	3183	1733	3425	23411
206	436.38935	36747	23566	14734	9271	6010	4168	3027	3321	1745	3455	23879
207	436.93872	37464	24182	15307	9619	6129	4255	3152	3337	1741	3542	24239
208	437.48811	38575	24731	15504	9724	6282	4349	3220	3399	1769	3585	25123
209	438.03751	39117	25215	15685	9740	6354	4357	3207	3486	1735	3669	25335
210	438.58694	39890	25693	16084	9959	6482	4443	3288	3479	1769	3654	25746
211	439.13638	40434	26028	16117	10213	6572	4499	3308	3530	1876	3734	26345
212	439.68584	41016	26414	16515	10278	6652	4622	3436	3589	1874	3797	26636
213	440.23532	41979	26988	16872	10507	6793	4660	3417	3628	1876	3781	27411
214	440.78481	42516	27275	17258	10602	6879	4764	3503	3714	1915	3803	27566
215	441.33432	43158	27733	17452	10860	7038	4742	3447	3747	1895	3955	28061
216	441.88386	43434	28255	17514	10848	7110	4883	3558	3737	1892	3966	28504
217	442.43341	44161	28543	17892	11210	7155	4995	3568	3832	1935	4016	28787
218	442.98297	45157	28880	18069	11327	7289	4921	3591	3900	1952	4024	29165
219	443.53256	45356	29168	18222	11256	7521	5016	3644	3896	1947	4038	29681
220	444.08217	45639	29488	18408	11545	7411	4991	3593	4023	1980	4134	29536
221	444.63179	46392	29647	18527	11615	7506	5079	3729	4034	2011	4160	30219
222	445.18143	46838	30023	18784	11717	7548	5127	3704	4043	2006	4127	30495
223	445.73109	47256	30242	19062	11669	7700	5108	3740	4070	2027	4226	30708
224	446.28076	47550	30722	19132	11771	7597	5218	3720	4044	2028	4213	30994
225	446.83046	47882	30604	19202	11836	7619	5212	3764	4080	2036	4198	31395
226	447.38017	47957	31047	19217	12011	7827	5248	3881	4212	2050	4300	31422
227	447.9299	48407	31094	19604	12146	7749	5210	3787	4118	2035	4280	31605
228	448.47965	48740	31296	19711	12130	7872	5270	3882	4171	2044	4322	31717
229	449.02942	48944	31536	19859	12304	7982	5312	3955	4261	2058	4304	32071
230	449.5792	49060	31715	19721	12252	7919	5365	3946	4215	2093	4364	32310
231	450.12901	49686	31696	19784	12465	8067	5290	3877	4251	2105	4395	32326
232	450.67883	49454	31857	20081	12444	7976	5372	3903	4264	2180	4309	32537
233	451.22867	49773	31942	20017	12373	8020	5404	3996	4179	2065	4360	32601
234	451.77852	50002	32131	19916	12429	7847	5499	3943	4303	2041	4443	32959
235	452.3284	49888	32312	20121	12400	8016	5541	3963	4206	2141	4383	32782
236	452.87829	50135	32098	20202	12400	8080	5511	3973	4297	2058	4480	32747
237	453.4282	50109	32387	20301	12535	8060	5365	3992	4252	2120	4445	33052
238	453.97813	50164	32359	20262	12417	8181	5391	3919	4314	2073	4344	32899
239	454.52808	50227	32425	20362	12636	8117	5453	4001	4370	2120	4442	32897
240	455.07805	50401	32677	20214	12451	7970	5419	3987	4301	2113	4412	32933
241	455.62803	50619	32353	20205	12438	8092	5450	4026	4345	2061	4353	33137
242	456.17803	50242	32507	20286	12475	8127	5552	3977	4296	2093	4423	33051
243	456.72805	50417	32501	20175	12528	8022	5479	4072	4307	2130	4358	32855
244	457.27809	50263	32575	20381	12544	7980	5427	3974	4326	2059	4397	32935
245	457.82815	50079	32369	20204	12529	7990	5451	3953	4371	2106	4509	33013
246	458.37822	50146	32244	20105	12457	8184	5477	3928	4362	2075	4409	32909
247	458.92831	49875	32132	19977	12491	8114	5444	3894	4424	2114	4395	32744
248	459.47842	49947	31991	20124	12501	8020	5537	3931	4279	2108	4410	32884
249	460.02855	50135	32007	20173	12342	8014	5431	3888	4318	2088	4344	32839
250	460.5787	49798	32055	19921	12311	7973	5422	3982	4341	2062	4395	32941
251	461.12886	49761	31670	19894	12401	7953	5492	3971	4280	2066	4334	32815
252	461.67905	49568	31810	19974	12311	7971	5435	3977	4197	2051	4309	32654
253	462.22925	49289	31581	19577	12366	7990	5406	3915	4241	2116	4306	32539
254	462.77947	49062	31520	19772	12253	7896	5331	3887	4203	2057	4321	32502
255	463.3297	49185	31278	19552	12269	7858	5362	3874	4189	2076	4351	32127
256	463.87996	48548	31355	19598	12081	7870	5374	3842	4177	2039	4287	32151
257	464.43023	48438	31405	19327	12103	7809	5375	3829	4265	2063	4248	32051
258	464.98052	48327	31014	19516	12089	7863	5282	3842	4241	2083	4220	31994
259	465.53083	48037	30782	19377	12038	7747	5219	3778	4158	2070	4243	31959
260	466.08116	47992	31006	19248	11927	7780	5211	3833	4168	2069	4245	31641
261	466.63151	47409	30516	19144	11755	7720	5199	3767	4143	2071	4180	31698
262	467.18187	47466	30385	18990	11892	7666	5208	3747	4098	2023	4157	31300
263	467.73225	47061	30244	18863	11745	7518	5061	3811	4146	1996	4204	31198
264	468.28265	46674	30144	18778	11718	7565	5121	3684	4018	2012	4088	31031
265	468.83307	46783	29834	18785	11621	7585	5123	3763	4001	2000	4101	31002
266	469.3835	46425	29607	18557	11676	7512	5013	3684	4044	1957	4075	30778
267	469.93396	46150	29429	18276	11453	7450	5027	3664	4031	1986	4124	30476
268	470.48443	45556	29251	18358	11425	7299	5062	3627	3878	1986	3994	30205
269	471.03492	45264	29061	18237	11476	7384	5010	3668	3967	1976	4065	30311
270	471.58543	45182	28770	18069	11119	7272	4939	3568	3956	1955	4004	29978
271	472.13595	44808	28738	17949	11199	7188	4858	3603	3882	1938	3923	29735
272	472.6865	44302	28568	17964	11110	7258	4943	3591	3934	1948	3893	29489
273	473.23706	43976	28108	17850	11067	7056	4837	3570	3809	1896	3935	29305
274	473.78764	43896	28045	17645	10983	7038	4836	3539	3803	1930	3931	29224
275	474.33824	43555	27881	17626	10823	6977	4790	3494	3913	1905	3776	28712
276	474.88886	42827	27802	17309	10670	7003	4753	3468	3751	1929	3883	28821
277	475.43949	43185	27587	17203	10743	6821	4688	3455	3797	1899	3783	28356
278	475.99014	42356	27154	16981	10705	6802	4729	3466	3780	1889	3845	28428
279	476.54082	41906	27028	16872	10477	6790	4695	3454	3685	1870	3792	28277
280	477.0915	41520	26809	16816	10576	6800	4702	3410	3701	1876	3772	27793
281	477.64221	41178	26662	16540	10417	6676	4600	3398	3671	1853	3783	27613
282	478.19294	40919	26487	16374	10226	6703	4573	3419	3646	1849	3712	27415
283	478.74368	40551	26097	16436	10292	6610	4551	3339	3564	1889	3697	27025
284	479.29444	40278	25942	16082	10210	6477	4548	3334	3573	1867	3610	27066
285	479.84522	39632	25698	16052	10104	6623	4490	3321	3629	1837	3643	26796
286	480.39602	39416	25371	16114	9976	6548	4393	3198	3586	1803	3594	26662
287	480.94683	39083	25276	15855	9789	6527	4369	3221	3553	1806	3535	26349
288	481.49767	38714	25105	15756	9749	6301	4429	3249	3455	1784	3571	26021
289	482.04852	38486	24677	15372	9719	6352	4402	3174	3452	1814	3500	25807
290	482.59939	38118	24646	15395	9655	6173	4328	3173	3493	1823	3464	25706
291	483.15028	37862	24291	15283	9556	6125	4246	3138	3413	1767	3499	25500
292	483.70118	37465	23947	15086	9618	6068	4182	3179	3440	1768	3440	25265
293	484.25211	37063	23875	15142	9297	6036	4173	3111	3336	1716	3415	24999
294	484.80305	36871	23843	14845	9138	6111	4196	3139	3402	1716	3400	24815
295	485.35401	36525	23530	14710	9222	6007	4136	3080	3303	1727	3360	24553
296	485.90499	36236	23189	14511	9198	5923	4118	3011	3337	1747	3369	24529
297	486.45598	35679	23112	14551	9031	5855	4062	3024	3306	1731	3359	24495
298	487.007	35511	22768	14340	9022	5903	4073	3057	3267	1756	3327	24026
299	487.55803	35257	22791	14235	8909	5810	4067	2924	3243	1713	3316	23836
300	488.10908	35081	22392	14134	8908	5806	4054	2954	3164	1739	3255	23451
301	488.66015	34226	22179	13982	8823	5761	3876	2942	3206	1686	3226	23306
302	489.21124	34277	22133	13890	8685	5655	3858	2970	3187	1700	3226	23412
303	489.76234	33975	21735	13656	8639	5666	3890	2872	3148	1670	3242	23071
304	490.31346	33464	21568	13586	8502	5643	3789	2845	3111	1651	3215	22868
305	490.8646	33610	21419	13522	8471	5497	3862	2867	3104	1611	3190	22610
306	491.41576	33023	21441	13173	8451	5584	3781	2868	3042	1662	3127	22664
307	491.96694	32752	21315	13328	8307	5420	3778	2808	3094	1638	3124	22320
308	492.51814	32397	20909	13147	8311	5501	3765	2793	3062	1604	3116	22139
309	493.06935	32170	20782	13239	8174	5350	3793	2753	3016	1648	3076	22002
310	493.62058	31815	20656	13071	8169	5307	3748	2758	2997	1618	3032	21809
311	494.17183	31908	20418	12904	8011	5281	3613	2806	2997	1585	3091	21630
312	494.7231	31470	20230	12717	8043	5342	3632	2737	2954	1615	2974	21657
313	495.27438	31106	20047	12610	7914	5308	3568	2773	3016	1591	3026	21327
314	495.82569	30947	19999	12528	7808	5188	3591	2744	2938	1571	3052	21311
315	496.37701	30741	19650	12482	7847	5108	3600	2712	2900	1556	2922	21123
316	496.92835	30636	19560	12402	7718	5099	3570	2679	2957	1585	3014	20932
317	497.47971	30061	19525	12345	7688	5093	3547	2633	2885	1559	2978	20985
318	498.03108	29917	19407	12098	7606	5039	3524	2611	2883	1538	2925	20511
319	498.58248	29752	19378	12155	7595	5018	3456	2618	2882	1567	2897	20256
320	499.13389	29584	19083	12056	7501	4967	3511	2613	2842	1531	2973	20373
321	499.68532	29485	18851	11800	7529	5010	3430	2554	2838	1563	2821	20134
322	500.23677	29215	18764	11765	7529	4918	3384	2592	2794	1543	2831	20058
323	500.78823	28966	18744	11762	7400	4958	3410	2555	2772	1574	2856	20027
324	501.33972	28831	18404	11714	7495	4821	3404	2547	2778	1541	2834	19678
325	501.89122	28418	18479	11413	7237	4776	3383	2581	2762	1527	2854	19663
326	502.44274	28151	18155	11467	7211	4787	3365	2510	2752	1520	2818	19333
327	502.99428	27842	18185	11456	7126	4720	3342	2511	2737	1500	2734	19195
328	503.54584	27970	18016	11332	7086	4781	3255	2479	2704	1528	2757	19250
329	504.09741	27690	17870	11115	7074	4587	3257	2521	2694	1519	2799	19096
330	504.649	27353	17739	11052	7039	4651	3307	2505	2674	1496	2770	18918
331	505.20062	27136	17502	11102	7053	4638	3284	2428	2678	1464	2718	18700
332	505.75224	26864	17302	10909	6991	4641	3227	2455	2638	1504	2766	18788
333	506.30389	26887	17215	10891	6890	4547	3185	2411	2636	1466	2663	18443
334	506.85556	26417	17093	10773	6920	4548	3218	2391	2735	1467	2701	18397
335	507.40724	26240	17114	10741	6690	4469	3135	2399	2624	1499	2680	18384
336	507.95894	26032	16887	10719	6720	4496	3104	2375	2586	1455	2634	18224
337	508.51066	26071	16678	10653	6619	4430	3138	2354	2624	1457	2597	18002
338	509.0624	25718	16591	10473	6579	4414	3170	2345	2607	1464	2658	17941
339	509.61415	25487	16546	10393	6631	4366	3141	2380	2541	1449	2648	17768
340	510.16593	25331	16348	10285	6534	4329	3016	2344	2491	1445	2607	17531
341	510.71772	25137	16207	10252	6473	4344	3045	2322	2549	1431	2522	17489
342	511.26953	24984	16065	10158	6408	4294	3045	2339	2486	1458	2575	17459
343	511.82136	24665	15972	9931	6294	4299	3053	2250	2495	1465	2571	17318
344	512.3732	24449	15689	9978	6403	4188	3011	2260	2494	1429	2526	16974
345	512.92507	24174	15726	9886	6236	4153	2936	2299	2451	1431	2502	16803
346	513.47695	23885	15466	9866	6257	4203	2931	2249	2449	1377	2540	16799
347	514.02885	23739	15505	9749	6300	4086	2921	2237	2433	1406	2466	16619
348	514.58077	23522	15204	9705	6180	4076	2906	2219	2415	1407	2431	16500
349	515.13271	23400	15052	9532	6134	4071	2862	2245	2365	1383	2427	16376
350	515.68466	23239	14921	9521	6025	3955	2856	2230	2346	1388	2436	16163
351	516.23663	23045	14808	9459	5910	3962	2885	2146	2327	1381	2468	15972
352	516.78862	22828	14738	9378	5941	4008	2828	2156	2343	1380	2385	15929
353	517.34063	22707	14551	9250	5845	3897	2853	2176	2370	1372	2385	15795
354	517.89266	22456	14495	9218	5858	3906	2826	2149	2277	1370	2373	15518
355	518.4447	22131	14294	9262	5836	3883	2758	2140	2312	1325	2379	15606
356	518.99677	21975	14187	8959	5789	3781	2728	2096	2296	1319	2356	15503
357	519.54885	21814	14010	8898	5682	3862	2788	2119	2249	1347	2278	15154
358	520.10095	21535	13951	8896	5685	3743	2687	2075	2306	1360	2290	14998
359	520.65306	21265	13655	8654	5561	3706	2740	2110	2296	1337	2368	14820
360	521.2052	21178	13606	8676	5448	3685	2672	2102	2235	1332	2243	14884
361	521.75735	20947	13388	8597	5553	3705	2671	2055	2247	1316	2237	14516
362	522.30952	20718	13159	8419	5418	3661	2637	2060	2200	1291	2248	14560
363	522.86171	20456	13336	8388	5271	3587	2648	2048	2187	1324	2235	14412
364	523.41392	20139	13114	8229	5320	3605	2599	2012	2174	1289	2226	14117
365	523.96615	20020	13092	8363	5225	3492	2585	1993	2221	1331	2235	14082
366	524.51839	20050	12899	8167	5244	3511	2554	1985	2140	1291	2196	14034
367	525.07065	19679	12707	8142	5242	3541	2555	1959	2102	1266	2194	13813
368	525.62293	19381	12649	8146	5170	3470	2624	1935	2100	1270	2175	13571
369	526.17523	19381	12465	8003	5149	3436	2478	1979	2065	1283	2135	13620
370	526.72755	19014	12231	7771	5001	3431	2533	1935	2073	1261	2131	13343
371	527.27988	18923	12276	7759	5089	3397	2461	1989	2080	1277	2079	13215
372	527.83223	18524	12248	7682	5018	3363	2486	1899	2028	1283	2114	13232
373	528.3846	18576	12008	7714	4885	3313	2394	1881	2069	1255	2060	13167
374	528.93699	18320	11913	7497	4916	3295	2403	1883	2025	1264	2081	12949
375	529.4894	18024	11699	7530	4878	3306	2392	1885	1994	1246	2065	12693
376	530.04182	17789	11663	7516	4744	3290	2373	1842	2030	1244	2000	12684
377	530.59427	17588	11474	7315	4716	3241	2328	1847	1982	1242	1983	12403
378	531.14673	17443	11344	7310	4680	3197	2373	1855	1945	1241	2006	12323
379	531.69921	17348	11257	7259	4715	3169	2305	1835	1944	1221	1978	12225
380	532.2517	17092	11242	7076	4643	3165	2285	1791	1936	1241	2009	12023
381	532.80422	17043	10987	7108	4534	3141	2211	1794	1973	1219	1964	12075
382	533.35675	16774	10944	7023	4537	3026	2236	1766	1937	1203	1938	11875
383	533.9093	16565	10812	6868	4471	2979	2223	1760	1890	1186	1949	11667
384	534.46187	16250	10652	6754	4391	3143	2273	1758	1864	1196	1882	11686
385	535.01446	16155	10585	6871	4485	3030	2173	1729	1880	1209	1908	11587
386	535.56706	16132	10360	6665	4260	3001	2217	1732	1897	1168	1932	11344
387	536.11969	15867	10345	6615	4297	2970	2193	1707	1853	1166	1891	11396
388	536.67233	15800	10220	6562	4199	2961	2202	1710	1887	1187	1888	11303
389	537.22499	15585	10158	6527	4220	2914	2147	1710	1874	1190	1854	11064
390	537.77767	15361	10076	6495	4146	2883	2135	1703	1827	1169	1852	10969
391	538.33036	15207	9947	6355	4174	2838	2094	1684	1776	1162	1808	10673
392	538.88307	15020	9786	6246	4056	2829	2084	1661	1791	1171	1808	10744
393	539.43581	14893	9712	6259	4013	2832	2084	1637	1788	1173	1834	10497
394	539.98856	14500	9505	6115	4028	2778	2092	1595	1733	1141	1797	10574
395	540.54132	14584	9581	6155	4006	2730	2094	1657	1773	1127	1787	10431
396	541.09411	14418	9413	6067	3944	2703	2020	1670	1774	1132	1785	10268
397	541.64692	14196	9329	5985	3910	2716	2034	1604	1754	1147	1776	10116
398	542.19974	14199	9196	5867	3921	2689	1981	1619	1743	1121	1739	10127
399	542.75258	13858	9300	5906	3876	2672	2055	1599	1703	1147	1721	9926
400	543.30544	13912	8991	5747	3791	2638	1993	1603	1676	1116	1764	9879
401	543.85831	13396	8826	5744	3794	2630	1966	1603	1696	1115	1727	9588
402	544.41121	13346	8812	5707	3733	2596	1970	1570	1727	1119	1695	9636
403	544.96412	13297	8672	5745	3655	2601	1923	1549	1666	1108	1705	9537
404	545.51705	12967	8644	5505	3644	2539	1949	1561	1717	1116	1679	9614
405	546.07	12944	8527	5532	3699	2536	1938	1581	1638	1113	1673	9333
406	546.62297	12832	8462	5470	3668	2538	1924	1543	1635	1096	1654	9273
407	547.17595	12623	8341	5319	3553	2470	1850	1547	1624	1097	1631	9120
408	547.72896	12579	8332	5356	3531	2473	1841	1526	1587	1077	1613	8985
409	548.28198	12264	8175	5229	3514	2464	1889	1466	1639	1083	1654	8922
410	548.83502	12119	8080	5229	3495	2445	1835	1483	1602	1076	1609	8832
411	549.38807	12205	7976	5201	3447	2392	1843	1469	1569	1120	1629	8799
412	549.94115	11982	7897	5096	3361	2401	1810	1487	1582	1102	1570	8632
413	550.49424	11873	7732	4992	3340	2374	1837	1450	1579	1067	1559	8495
414	551.04735	11668	7709	4997	3380	2373	1793	1466	1558	1085	1539	8419
415	551.60048	11468	7658	4930	3278	2391	1770	1470	1531	1072	1506	8304
416	552.15363	11410	7360	4918	3269	2355	1727	1412	1502	1086	1515	8264
417	552.7068	11206	7406	4814	3224	2277	1773	1410	1508	1071	1532	8118
418	553.25998	10990	7339	4802	3133	2237	1734	1370	1505	1060	1529	7883
419	553.81318	10886	7225	4720	3165	2228	1689	1375	1484	1048	1510	7876
420	554.3664	10829	7124	4597	3082	2252	1697	1384	1509	1036	1510	7879
421	554.91964	10535	7033	4648	3062	2208	1684	1400	1491	1035	1553	7762
422	555.4729	10613	6983	4632	2995	2185	1658	1390	1483	1041	1503	7612
423	556.02617	10466	6778	4474	3067	2183	1697	1379	1493	1009	1468	7526
424	556.57946	10136	6678	4406	3007	2120	1659	1366	1460	1001	1477	7505
425	557.13277	10015	6692	4407	2983	2121	1635	1353	1476	1033	1464	7415
426	557.6861	10141	6611	4350	2934	2038	1642	1385	1481	1027	1435	7248
427	558.23945	9743	6529	4254	2933	2134	1640	1353	1443	1013	1426	7185
428	558.79281	9700	6526	4209	2883	2042	1649	1376	1448	1049	1448	7103
429	559.3462	9580	6371	4219	2858	2063	1622	1353	1379	1012	1416	7005
430	559.8996	9407	6225	4163	2778	2059	1594	1312	1411	1009	1425	6934
431	560.45302	9338	6226	4150	2745	2023	1545	1302	1408	999	1394	6826
432	561.00645	9171	6111	3993	2790	1983	1558	1327	1374	986	1401	6750
433	561.55991	9124	6036	3940	2768	1933	1524	1283	1374	989	1386	6712
434	562.11338	9116	5947	3943	2655	1912	1567	1292	1392	971	1377	6659
435	562.66687	8894	5904	3858	2652	1986	1512	1281	1369	988	1371	6465
436	563.22038	8788	5951	3848	2621	1953	1519	1279	1362	954	1343	6391
437	563.77391	8610	5812	3832	2552	1911	1501	1263	1350	1001	1321	6321
438	564.32746	8511	5737	3785	2565	1891	1462	1264	1301	984	1334	6307
439	564.88102	8422	5540	3710	2569	1918	1466	1259	1323	962	1309	6200
440	565.4346	8407	5509	3643	2529	1856	1465	1241	1299	980	1321	6015
441	565.9882	8190	5442	3619	2493	1810	1441	1254	1319	979	1330	6047
442	566.54182	7965	5416	3563	2446	1777	1437	1243	1300	968	1278	5844
443	567.09545	7957	5369	3579	2463	1819	1453	1214	1322	964	1288	5916
444	567.64911	7793	5323	3498	2448	1813	1457	1254	1306	957	1271	5747
445	568.20278	7719	5234	3417	2416	1766	1421	1224	1258	959	1247	5704
446	568.75647	7538	5147	3433	2377	1741	1418	1202	1264	936	1255	5563
447	569.31018	7489	5065	3451	2338	1736	1395	1208	1267	956	1239	5600
448	569.8639	7414	4972	3384	2300	1724	1386	1182	1232	963	1237	5506
449	570.41765	7438	4969	3337	2312	1723	1385	1211	1279	928	1249	5421
450	570.97141	7215	4866	3317	2268	1683	1375	1175	1256	952	1211	5405
451	571.52519	7272	4811	3193	2244	1734	1380	1173	1241	930	1194	5327
452	572.07899	7042	4778	3208	2259	1719	1367	1175	1251	946	1224	5225
453	572.63281	6895	4623	3209	2262	1664	1359	1173	1238	931	1245	5198
454	573.18664	6859	4649	3061	2189	1640	1317	1194	1241	937	1206	5112
455	573.74049	6734	4541	3101	2163	1624	1349	1160	1212	926	1220	4912
456	574.29437	6576	4431	3106	2110	1583	1327	1137	1220	898	1180	5009
457	574.84825	6507	4477	3039	2079	1645	1303	1152	1207	933	1216	4882
458	575.40216	6462	4390	2987	2118	1605	1306	1112	1207	909	1191	4838
459	575.95609	6501	4355	2941	2042	1563	1308	1127	1192	910	1187	4777
460	576.51003	6245	4276	2906	2100	1557	1278	1115	1186	909	1150	4694
461	577.06399	6223	4226	2844	2005	1560	1237	1143	1167	906	1150	4657
462	577.61797	6104	4165	2798	2010	1563	1290	1096	1141	915	1164	4610
463	578.17197	6043	4100	2774	2026	1536	1264	1110	1181	910	1180	4561
464	578.72598	5962	4020	2805	1969	1511	1243	1100	1140	913	1138	4459
465	579.28002	5823	4073	2777	1935	1525	1225	1090	1155	898	1137	4425
466	579.83407	5784	3992	2677	1938	1484	1220	1087	1164	896	1123	4359
467	580.38814	5726	3874	2700	1888	1497	1248	1075	1136	901	1144	4230
468	580.94223	5698	3845	2727	1894	1479	1222	1082	1145	899	1162	4250
469	581.49633	5427	3849	2675	1879	1455	1215	1058	1112	889	1126	4214
470	582.05046	5487	3791	2517	1890	1451	1210	1078	1136	889	1124	4068
471	582.6046	5399	3712	2578	1803	1460	1196	1064	1096	902	1110	4081
472	583.15876	5349	3678	2532	1852	1416	1223	1060	1114	883	1110	4005
473	583.71294	5279	3581	2504	1785	1416	1209	1068	1106	889	1094	3967
474	584.26713	5241	3646	2492	1819	1407	1199	1050	1103	894	1093	3893
475	584.82135	5086	3569	2491	1790	1406	1183	1043	1098	875	1067	3853
476	585.37558	5094	3450	2418	1771	1367	1175	1050	1101	882	1057	3846
477	585.92983	5041	3448	2388	1745	1380	1159	1049	1099	882	1064	3728
478	586.4841	5017	3403	2385	1752	1348	1158	1047	1103	895	1059	3687
479	587.03839	4895	3365	2315	1707	1373	1158	1017	1064	893	1036	3755
480	587.59269	4735	3284	2320	1699	1359	1151	1026	1069	875	1055	3668
481	588.14701	4729	3252	2321	1644	1312	1113	1049	1051	875	1049	3614
482	588.70135	4693	3232	2235	1688	1303	1138	1025	1063	880	1041	3536
483	589.25571	4558	3198	2240	1679	1319	1143	1020	1032	878	1043	3468
484	589.81009	4498	3144	2223	1690	1291	1136	1032	1047	880	1042	3467
485	590.36449	4444	3115	2211	1650	1311	1117	1002	1055	862	1053	3383
486	590.9189	4433	3105	2182	1622	1305	1130	991	1048	865	1025	3352
487	591.47333	4322	3041	2189	1581	1314	1101	977	1056	863	1045	3303
488	592.02778	4246	3007	2121	1621	1270	1086	991	1016	859	1026	3319
489	592.58225	4211	2950	2107	1593	1279	1096	981	1007	863	1024	3327
490	593.13673	4196	2943	2076	1543	1280	1107	986	1035	878	1017	3233
491	593.69124	4130	2798	2021	1575	1271	1062	969	1025	857	996	3146
492	594.24576	4031	2828	2013	1546	1253	1079	984	996	872	1009	3098
493	594.8003	3997	2832	2005	1531	1244	1090	969	1013	852	998	3108
494	595.35486	3922	2739	1980	1539	1219	1060	983	990	849	980	3026
495	595.90943	3807	2707	1997	1506	1227	1076	959	1006	856	982	2965
496	596.46403	3767	2727	1931	1461	1218	1043	958	1014	843	1019	2961
497	597.01864	3787	2743	1954	1474	1203	1079	954	1001	848	991	2951
498	597.57327	3705	2591	1911	1486	1229	1054	979	993	857	994	2907
499	598.12792	3655	2606	1888	1474	1191	1047	941	983	839	985	2858
500	598.68258	3623	2575	1901	1423	1207	1035	962	991	852	967	2807
501	599.23727	3542	2532	1849	1425	1172	1033	940	988	839	962	2756
502	599.79197	3468	2477	1821	1447	1179	1037	950	950	836	977	2749
503	600.34669	3371	2452	1825	1427	1139	1020	941	965	838	938	2687
504	600.90143	3399	2495	1783	1413	1138	1005	919	975	842	942	2692
505	601.45619	3296	2369	1777	1394	1131	1010	951	965	835	973	2628
506	602.01096	3299	2390	1745	1384	1116	1001	907	958	830	937	2592
507	602.56575	3277	2393	1766	1370	1133	1005	921	953	848	965	2562
508	603.12057	3223	2295	1725	1349	1094	994	932	960	835	956	2495
509	603.67539	3172	2256	1677	1335	1121	998	914	952	821	964	2539
510	604.23024	3150	2267	1714	1325	1084	991	916	954	827	954	2517
511	604.78511	3107	2266	1650	1303	1118	992	918	947	816	933	2417
512	605.33999	3066	2207	1651	1319	1104	978	906	928	827	935	2418
513	605.89489	3045	2177	1671	1284	1108	988	914	921	818	924	2370
514	606.44981	2957	2160	1606	1288	1117	980	914	943	834	923	2314
515	607.00475	2915	2151	1618	1290	1074	951	927	939	828	920	2355
516	607.5597	2815	2121	1590	1280	1089	983	911	927	833	918	2303
517	608.11468	2773	2101	1587	1257	1081	964	909	922	827	914	2266
518	608.66967	2867	2035	1528	1280	1064	961	903	923	826	923	2296
519	609.22468	2752	2062	1582	1237	1061	955	895	915	825	920	2234
520	609.77971	2703	2049	1560	1222	1072	954	894	932	825	916	2203
521	610.33475	2808	1961	1543	1237	1054	931	897	940	817	920	2149
522	610.88982	2660	1964	1529	1229	1064	958	895	928	817	922	2193
523	611.4449	2613	1949	1518	1187	1075	934	907	903	819	894	2109
524	612	2599	1932	1519	1199	1009	940	894	920	833	900	2106
525	612.55512	2549	1946	1447	1195	1026	987	891	901	833	900	2039
526	613.11025	2529	1901	1425	1183	1051	927	892	895	834	889	2042
527	613.66541	2520	1861	1467	1184	1044	945	901	895	813	898	2027
528	614.22058	2513	1866	1443	1191	1035	922	907	913	822	898	1991
529	614.77577	2481	1827	1401	1146	1014	917	875	900	812	905	1968
530	615.33098	2374	1748	1413	1168	1013	928	895	904	813	888	1973
531	615.88621	2384	1823	1396	1121	990	919	882	895	804	896	1938
532	616.44145	2375	1791	1381	1152	1000	932	891	913	811	883	1899
533	616.99672	2329	1773	1407	1154	992	920	856	882	801	904	1892
534	617.552	2279	1707	1349	1126	992	937	872	898	821	866	1878
535	618.1073	2329	1726	1356	1121	972	899	866	897	800	873	1857
536	618.66261	2198	1714	1358	1130	999	912	883	906	810	893	1792
537	619.21795	2252	1733	1319	1097	966	909	885	894	813	877	1777
538	619.7733	2201	1665	1316	1124	984	895	864	864	808	874	1814
539	620.32867	2169	1659	1326	1091	966	907	858	871	809	876	1742
540	620.88406	2141	1664	1313	1106	968	904	854	889	805	866	1784
541	621.43947	2136	1635	1305	1090	947	907	876	862	811	860	1781
542	621.9949	2074	1636	1308	1067	948	888	859	866	809	864	1683
543	622.55034	2101	1627	1272	1053	970	922	872	867	801	866	1722
544	623.1058	2034	1552	1268	1099	954	912	865	869	807	883	1721
545	623.66128	2031	1539	1260	1079	960	902	859	864	796	874	1646
546	624.21678	1991	1546	1259	1068	944	884	850	842	805	857	1671
547	624.7723	1973	1574	1239	1065	963	884	865	875	782	860	1649
548	625.32783	1974	1528	1265	1065	971	881	862	864	798	878	1631
549	625.88338	1934	1529	1234	1061	941	889	849	849	803	863	1643
550	626.43895	1894	1514	1255	1036	946	881	842	851	807	877	1628
551	626.99454	1873	1518	1241	1033	947	903	851	869	827	859	1614
552	627.55015	1859	1453	1225	1065	944	871	852	881	807	857	1593
553	628.10577	1913	1464	1197	1026	959	872	846	856	802	851	1594
554	628.66142	1884	1479	1211	1026	923	887	872	862	789	845	1552
555	629.21708	1847	1471	1206	1045	928	875	842	849	788	873	1523
556	629.77275	1780	1444	1179	1026	913	879	837	848	793	850	1542
557	630.32845	1784	1435	1190	1011	931	872	843	863	790	831	1490
558	630.88417	1788	1446	1149	1012	902	877	829	859	787	837	1495
559	631.4399	1785	1387	1162	1002	927	868	838	845	790	842	1520
560	631.99565	1779	1438	1148	987	907	866	834	826	802	838	1469
561	632.55142	1761	1391	1145	1015	909	863	839	844	808	862	1480
562	633.10721	1744	1373	1143	987	913	858	837	855	805	841	1461
563	633.66301	1684	1377	1158	1008	907	851	823	858	785	834	1454
564	634.21884	1683	1351	1147	988	921	861	834	843	790	847	1425
565	634.77468	1743	1340	1144	982	908	858	825	840	794	819	1419
566	635.33054	1654	1329	1122	989	909	856	829	847	794	845	1419
567	635.88641	1667	1331	1104	977	906	857	836	856	798	828	1410
568	636.44231	1628	1322	1098	1001	893	864	824	848	795	817	1380
569	636.99822	1639	1311	1092	994	884	850	841	841	809	835	1375
570	637.55416	1627	1311	1099	962	895	864	837	834	793	826	1397
571	638.11011	1587	1296	1102	968	902	848	843	835	777	844	1406
572	638.66607	1598	1308	1110	987	891	858	817	844	805	839	1352
573	639.22206	1579	1286	1096	979	896	867	821	834	790	835	1341
574	639.77806	1609	1266	1068	950	900	850	825	853	797	838	1346
575	640.33409	1568	1287	1073	951	890	860	834	834	782	824	1308
576	640.89013	1583	1264	1063	964	887	853	831	854	795	836	1348
577	641.44619	1528	1265	1051	965	891	857	823	843	796	831	1334
578	642.00226	1523	1266	1064	936	894	852	823	816	800	822	1330
579	642.55836	1574	1260	1078	941	877	855	824	831	786	823	1333
580	643.11447	1471	1242	1067	965	885	843	828	819	798	817	1308
581	643.6706	1470	1229	1044	960	887	851	818	830	784	828	1287
582	644.22675	1475	1267	1056	951	867	836	810	833	802	819	1287
583	644.78292	1467	1233	1060	937	885	842	816	831	776	818	1280
584	645.3391	1431	1192	1056	925	888	856	816	820	787	828	1280
585	645.8953	1455	1193	1050	951	880	839	812	834	788	827	1266
586	646.45153	1454	1176	1056	927	876	831	822	818	802	822	1274
587	647.00777	1448	1190	1019	925	864	833	820	827	786	822	1244
588	647.56402	1407	1177	1028	932	873	841	822	818	795	831	1243
589	648.1203	1387	1198	1015	920	868	827	816	828	791	828	1235
590	648.67659	1407	1165	1049	917	861	826	812	820	782	823	1242
591	649.2329	1432	1167	1015	930	887	833	816	826	783	822	1228
592	649.78923	1402	1174	1033	928	860	817	799	823	794	821	1240
593	650.34558	1411	1158	1003	919	853	820	821	811	786	833	1197
594	650.90195	1373	1181	1018	923	887	824	815	811	786	813	1234
595	651.45833	1344	1144	987	932	861	840	820	819	790	818	1193
596	652.01473	1368	1156	1002	928	869	826	825	818	797	822	1210
597	652.57115	1324	1150	1012	919	868	817	826	817	780	810	1196
598	653.12759	1349	1131	1007	915	870	833	812	823	783	811	1165
599	653.68405	1319	1152	979	907	862	831	810	812	783	811	1208
600	654.24052	1314	1155	1010	911	856	830	802	827	782	818	1183
601	654.79701	1337	1160	1000	912	870	827	795	819	785	816	1174
602	655.35352	1316	1098	979	920	858	828	817	833	792	804	1173
603	655.91005	1285	1103	987	898	872	835	803	813	788	811	1170
604	656.4666	1286	1120	1008	913	859	841	808	821	791	806	1152
605	657.02316	1294	1096	961	912	860	837	809	809	776	817	1160
606	657.57975	1275	1121	983	893	865	828	812	817	784	817	1163
607	658.13635	1279	1088	975	890	863	827	817	809	785	816	1123
608	658.69297	1261	1083	979	913	848	843	811	810	775	807	1150
609	659.2496	1250	1111	962	893	846	833	813	801	783	806	1119
610	659.80626	1245	1086	952	879	864	841	811	822	785	815	1131
611	660.36293	1260	1089	964	883	845	813	814	806	781	795	1135
612	660.91962	1231	1087	962	887	859	817	816	820	778	806	1114
613	661.47633	1242	1070	952	883	873	835	807	818	783	812	1088
614	662.03306	1246	1065	964	888	847	821	810	815	780	816	1102
615	662.5898	1226	1067	971	874	853	823	805	818	778	802	1081
616	663.14657	1224	1061	944	883	863	817	799	813	784	808	1114
617	663.70335	1236	1073	957	880	857	822	827	817	794	801	1081
618	664.26015	1216	1041	946	870	849	818	808	809	784	813	1087
619	664.81697	1217	1066	968	871	843	816	815	816	790	786	1103
620	665.3738	1223	1046	932	876	846	819	808	811	779	813	1079
621	665.93066	1203	1042	938	882	840	827	811	811	789	807	1089
622	666.48753	1210	1044	949	875	842	826	809	807	784	806	1089
623	667.04442	1194	1052	932	875	851	821	803	822	784	811	1084
624	667.60133	1152	1014	936	888	848	806	797	817	783	806	1054
625	668.15825	1178	1014	938	866	850	805	814	818	777	798	1045
626	668.7152	1178	1000	925	865	840	824	806	810	782	794	1077
627	669.27216	1157	1011	936	867	834	817	822	812	792	804	1061
628	669.82914	1155	1027	913	875	831	808	804	809	777	785	1024
629	670.38614	1147	1018	923	883	828	820	791	809	777	801	1054
630	670.94316	1179	1026	937	873	831	815	811	809	786	806	1036
631	671.50019	1150	1027	927	866	835	809	813	808	784	811	1016
632	672.05724	1134	1020	903	884	836	803	806	808	782	804	1033
633	672.61431	1150	989	923	854	833	822	809	801	782	807	1040
634	673.1714	1114	992	931	861	839	811	805	815	788	802	1021
635	673.72851	1117	1010	923	875	827	813	810	795	786	791	1046
636	674.28564	1115	1002	907	856	829	808	811	810	778	798	998
637	674.84278	1133	997	901	863	833	813	809	812	777	806	1013
638	675.39994	1096	991	900	862	832	811	800	814	786	807	972
639	675.95712	1089	993	919	867	825	820	806	799	785	804	1035
640	676.51432	1107	987	905	859	825	807	804	802	775	798	1015
641	677.07153	1110	985	905	856	827	798	803	815	781	799	1010
642	677.62877	1080	977	905	857	836	796	791	797	795	795	1007
643	678.18602	1095	979	900	863	829	816	790	806	772	794	978
644	678.74329	1075	989	908	846	832	811	809	813	774	796	999
645	679.30058	1090	995	906	852	834	807	800	796	786	795	986
646	679.85788	1102	965	909	859	826	819	808	804	775	794	992
647	680.41521	1070	961	897	847	812	814	805	799	780	795	998
648	680.97255	1090	955	887	863	819	806	793	812	774	786	986
649	681.52991	1045	955	881	860	824	803	793	810	778	806	987
650	682.08729	1074	973	887	843	823	812	803	788	779	800	977
651	682.64468	1052	962	901	840	831	814	795	800	789	793	958
652	683.2021	1079	953	881	849	840	809	802	798	779	800	981
653	683.75953	1063	941	877	843	819	801	793	805	782	803	980
654	684.31698	1059	941	883	844	813	803	795	797	786	788	957
655	684.87445	1062	934	877	861	828	810	793	795	789	793	986
656	685.43194	1063	945	895	843	819	812	795	798	783	805	970
657	685.98944	1051	956	879	840	819	811	788	812	787	794	960
658	686.54696	1039	930	877	836	806	817	787	819	769	802	974
659	687.1045	1042	938	871	823	820	804	795	794	782	795	955
660	687.66206	1015	936	891	842	818	815	793	798	787	793	967
661	688.21964	1041	950	856	830	822	815	800	795	790	795	960
662	688.77724	1003	945	861	837	819	804	794	798	787	796	949
663	689.33485	1026	931	881	841	820	795	796	794	791	799	942
664	689.89248	1011	936	882	838	827	800	798	790	776	785	965
665	690.45013	1021	915	870	840	817	808	798	795	785	796	942
666	691.0078	995	935	871	833	796	808	791	798	782	797	925
667	691.56548	1019	926	874	823	802	804	789	779	784	795	925
668	692.12319	995	927	860	835	823	805	791	798	777	786	933
669	692.68091	999	929	873	850	820	802	794	796	784	793	946
670	693.23865	994	928	873	843	820	815	787	803	784	797	928
671	693.79641	1010	924	851	847	818	804	812	812	781	793	945
672	694.35418	994	922	876	839	815	803	810	805	777	798	928
673	694.91198	986	929	865	847	828	815	791	793	784	784	918
674	695.46979	993	906	853	835	822	809	791	802	782	792	915
675	696.02762	992	914	883	831	807	818	801	797	780	787	916
676	696.58547	988	911	872	819	810	810	805	801	774	791	926
677	697.14333	972	919	865	834	823	802	803	791	783	817	911
678	697.70122	992	912	858	830	813	799	798	792	774	789	918
679	698.25912	979	918	856	818	812	798	792	805	785	797	928
680	698.81704	981	910	858	834	819	809	787	791	780	799	937
681	699.37498	978	904	871	843	803	796	804	802	784	792	914
682	699.93294	988	911	867	847	818	802	786	794	777	799	901
683	700.49091	978	895	859	835	818	807	805	799	781	789	918
684	701.0489	991	902	855	837	813	808	793	795	782	796	930
685	701.60691	979	896	841	838	813	811	792	802	780	796	915
686	702.16494	959	916	857	833	812	817	792	799	776	789	927
687	702.72299	961	897	863	833	813	795	796	804	779	790	926
688	703.28106	982	922	855	829	814	807	796	802	781	803	901
689	703.83914	973	910	860	844	819	815	801	809	782	800	918
690	704.39724	957	901	859	821	810	807	800	805	777	798	901
691	704.95536	977	914	860	835	819	824	808	806	796	796	915
692	705.5135	968	909	854	834	816	801	792	808	783	796	890
693	706.07165	965	907	845	829	815	798	794	805	787	801	902
694	706.62983	974	902	853	836	813	810	804	794	779	802	916
695	707.18802	966	899	845	824	818	805	798	800	779	775	897
696	707.74623	950	884	861	831	819	804	801	799	785	796	904
697	708.30446	947	903	846	820	822	816	784	787	781	795	914
698	708.8627	957	896	855	817	809	820	803	798	779	801	902
699	709.42097	942	877	852	817	814	808	804	809	785	792	892
700	709.97925	948	900	866	832	810	792	803	801	780	806	902
701	710.53755	939	878	849	824	811	798	786	794	779	789	895
702	711.09587	945	888	835	817	812	812	806	797	772	799	889
703	711.6542	963	893	845	832	813	819	809	798	790	794	899
704	712.21256	948	889	865	813	797	806	801	789	784	803	872
705	712.77093	950	883	839	819	818	799	795	795	787	790	893
706	713.32932	940	893	841	823	825	800	779	782	777	789	869
707	713.88773	943	893	841	814	805	812	792	792	779	788	878
708	714.44616	945	882	843	823	809	791	790	773	791	787	872
709	715.0046	951	874	838	823	799	802	794	781	777	785	887
710	715.56307	925	872	851	819	803	794	810	789	779	790	906
711	716.12155	931	870	837	806	794	804	796	785	778	775	897
712	716.68005	927	870	840	818	801	796	797	788	778	794	868
713	717.23856	915	880	830	806	799	795	780	790	790	787	868
714	717.7971	926	869	826	836	800	796	789	784	777	788	882
715	718.35565	931	880	849	813	808	796	791	795	774	785	876
716	718.91422	908	865	835	822	797	797	795	798	784	787	880
717	719.47281	911	873	811	823	802	801	790	787	778	796	859
718	720.03142	916	880	841	805	809	802	787	798	776	795	889
719	720.59005	920	859	835	827	799	803	796	797	781	791	889
720	721.14869	913	884	827	805	808	801	788	804	779	791	873
721	721.70735	912	880	833	815	798	805	800	789	789	795	866
722	722.26603	924	872	831	811	795	785	795	790	786	782	877
723	722.82473	905	856	828	824	799	802	781	790	781	792	854
724	723.38345	929	864	831	800	789	799	797	786	773	799	868
725	723.94218	896	859	831	817	789	804	780	792	779	791	868
726	724.50093	929	868	829	813	801	802	791	783	781	777	865
727	725.0597	907	862	828	814	800	798	796	788	782	787	845
728	725.61849	895	846	838	816	803	796	788	791	775	785	859
729	726.1773	922	864	835	804	790	792	792	788	778	788	851
730	726.73612	896	867	821	813	803	800	783	784	774	780	864
731	727.29496	890	859	824	809	791	787	788	788	781	782	863
732	727.85382	903	870	838	811	802	808	784	782	773	780	858
733	728.4127	912	865	832	815	793	796	788	788	789	788	854
734	728.9716	899	854	827	811	808	794	788	795	797	794	866
735	729.53052	891	856	827	802	801	788	791	790	783	783	861
736	730.08945	900	866	820	816	792	794	797	789	782	792	855
737	730.6484	909	857	819	805	799	788	802	802	767	789	849
738	731.20737	890	839	819	801	797	787	784	780	768	788	856
739	731.76636	910	859	807	807	786	800	792	784	786	780	852
740	732.32536	896	868	827	811	805	779	797	794	780	785	854
741	732.88439	905	852	827	813	801	792	792	794	774	771	855
742	733.44343	900	845	831	797	799	788	790	793	777	790	849
743	734.00249	893	844	824	796	788	792	780	786	783	780	852
744	734.56156	900	844	821	807	798	788	779	788	780	788	848
745	735.12066	899	839	815	790	786	785	783	781	772	787	856
746	735.67977	897	838	835	813	788	784	775	801	775	780	853
747	736.23891	895	850	810	803	792	789	791	794	771	784	835
748	736.79806	891	855	826	806	790	788	780	780	778	786	852
749	737.35722	884	847	818	807	791	789	783	789	782	781	835
750	737.91641	881	851	837	801	802	785	786	783	768	791	843
751	738.47561	879	841	802	807	793	800	785	781	763	781	835
752	739.03484	893	839	815	791	786	791	780	786	769	787	848
753	739.59408	889	839	810	803	798	780	787	790	777	783	838
754	740.15334	880	836	828	798	812	787	789	780	772	782	840
755	740.71261	874	841	809	797	793	785	782	783	769	791	837
756	741.27191	879	834	830	799	796	788	779	778	770	780	834
757	741.83122	862	839	816	791	802	784	785	787	782	792	833
758	742.39055	879	832	815	793	785	794	796	780	771	766	836
759	742.9499	882	834	818	814	799	787	779	782	778	775	842
760	743.50927	881	843	811	798	796	790	781	777	776	781	840
761	744.06865	868	844	818	803	784	784	782	788	783	784	823
762	744.62805	881	840	823	810	790	784	790	781	775	770	838
763	745.18747	875	836	817	793	780	794	776	781	777	783	836
764	745.74691	863	838	821	796	795	787	780	784	779	784	840
765	746.30637	874	828	810	794	803	785	784	786	765	788	843
766	746.86585	869	829	804	790	794	783	778	786	781	778	831
767	747.42534	866	838	811	800	787	792	770	786	773	781	832
768	747.98485	856	827	812	800	795	788	780	777	772	779	829
769	748.54438	863	835	813	801	793	783	786	780	768	783	830
770	749.10393	863	844	805	801	785	785	786	780	771	781	829
771	749.6635	848	847	799	800	780	799	779	781	769	787	817
772	750.22308	884	835	817	795	795	798	779	774	772	786	836
773	750.78268	865	836	829	809	796	789	794	785	773	770	835
774	751.3423	857	855	807	806	797	780	787	785	771	775	823
775	751.90194	854	830	811	798	793	779	769	777	776	776	826
776	752.4616	856	836	812	800	791	787	782	779	779	765	819
777	753.02127	860	830	815	789	785	779	779	776	767	778	816
778	753.58096	853	827	814	800	798	776	787	769	787	774	831
779	754.14067	859	833	807	803	792	780	782	771	780	779	831
780	754.7004	862	834	807	789	800	781	770	788	777	776	825
781	755.26015	853	822	806	800	801	782	772	776	765	784	823
782	755.81991	857	828	811	796	797	775	782	787	771	782	823
783	756.37969	858	821	795	798	782	787	779	779	771	777	827
784	756.9395	863	829	813	794	787	782	776	786	765	775	826
785	757.49931	841	832	810	787	780	787	791	777	759	788	821
786	758.05915	855	813	808	804	797	783	772	777	771	777	830
787	758.61901	850	832	798	796	787	783	767	784	773	773	812
788	759.17888	853	832	809	810	784	779	788	767	770	773	817
789	759.73877	863	821	794	794	783	792	781	768	767	776	820
790	760.29868	863	821	798	788	782	787	773	769	769	773	829
791	760.85861	851	830	800	793	785	775	774	780	767	779	822
792	761.41855	854	814	810	779	787	781	778	777	775	771	829
793	761.97852	847	819	801	776	778	780	764	779	756	780	830
794	762.5385	844	821	813	786	782	768	779	780	764	767	814
795	763.0985	856	817	809	779	791	773	776	769	769	779	841
796	763.65852	856	814	809	794	779	777	773	783	775	766	826
797	764.21855	865	817	794	786	774	772	780	775	776	778	828
798	764.77861	848	810	794	783	779	779	777	774	766	778	817
799	765.33868	846	822	799	803	776	780	767	773	767	769	816
800	765.89877	834	837	808	786	782	785	773	768	768	767	817
801	766.45888	845	811	803	782	784	779	772	770	767	761	824
802	767.019	846	816	805	783	783	773	770	774	775	764	826
803	767.57915	855	819	814	789	792	782	777	765	769	776	817
804	768.13931	853	813	800	789	786	775	783	776	770	765	821
805	768.69949	844	822	787	788	773	779	778	773	762	773	818
806	769.25969	851	823	799	791	791	770	771	773	756	771	819
807	769.8199	832	819	799	790	773	777	779	779	765	766	809
808	770.38014	850	817	805	782	778	772	764	784	767	770	827
809	770.94039	848	822	801	782	782	773	769	766	779	779	818
810	771.50066	851	822	790	794	783	772	787	772	769	764	806
811	772.06095	842	831	792	787	779	779	776	774	772	770	810
812	772.62126	851	811	796	784	779	774	769	771	766	775	810
813	773.18158	834	800	790	780	778	776	768	776	770	768	820
814	773.74193	840	826	781	794	767	779	774	764	767	763	818
815	774.30229	842	806	799	785	772	775	771	768	765	765	820
816	774.86267	849	810	790	784	788	772	768	782	760	774	821
817	775.42307	840	805	787	791	777	773	773	779	758	780	818
818	775.98348	848	823	792	788	778	778	775	766	759	767	826
819	776.54392	843	814	805	788	779	785	784	771	765	775	816
820	777.10437	832	799	790	783	786	770	774	770	760	769	818
821	777.66484	839	809	780	776	779	766	767	767	766	765	815
822	778.22532	848	806	790	780	782	778	763	772	764	767	809
823	778.78583	832	804	793	778	778	773	772	766	763	765	819
824	779.34635	827	796	799	771	767	767	765	758	767	778	819
825	779.9069	818	811	787	792	770	769	773	771	768	773	809
826	780.46746	844	799	792	769	774	766	763	766	758	768	809
827	781.02803	832	809	798	780	765	765	771	767	767	774	816
828	781.58863	827	803	780	781	773	773	768	773	769	768	804
829	782.14925	842	807	783	775	775	771	768	774	754	768	801
830	782.70988	829	802	795	779	775	767	763	772	764	764	797
831	783.27053	827	808	776	780	778	770	764	770	766	767	806
832	783.8312	826	807	792	782	765	770	769	766	767	770	800
833	784.39188	824	809	794	789	778	764	767	769	767	769	797
834	784.95259	824	809	802	787	770	767	760	768	759	773	809
835	785.51331	843	807	790	779	773	760	764	767	764	761	806
836	786.07405	823	798	796	790	775	768	770	770	767	768	814
837	786.63481	822	798	777	768	774	768	767	766	767	770	812
838	787.19559	817	797	784	779	767	775	762	767	771	755	805
839	787.75638	829	798	788	778	771	766	765	766	765	761	804
840	788.3172	830	806	781	776	769	773	769	763	764	767	794
841	788.87803	826	795	791	778	768	766	767	759	773	761	809
842	789.43888	836	814	785	790	770	782	770	759	761	767	804
843	789.99975	821	791	782	787	768	766	772	764	753	772	803
844	790.56063	826	813	792	771	768	767	767	768	768	762	804
845	791.12153	842	805	782	772	778	772	764	773	760	760	805
846	791.68246	823	800	781	786	767	770	762	770	767	767	802
847	792.2434	819	807	790	779	772	768	763	769	765	770	799
848	792.80435	831	797	781	776	761	764	763	770	759	762	798
849	793.36533	838	804	794	784	768	763	771	764	765	763	806
850	793.92632	828	798	798	776	772	772	768	763	752	762	810
851	794.48734	820	790	782	778	767	767	764	767	760	761	808
852	795.04837	819	796	787	770	769	769	768	770	766	758	803
853	795.60941	837	798	780	772	775	765	770	763	758	773	801
854	796.17048	835	797	787	779	772	768	769	762	761	760	799
855	796.73157	831	796	799	778	764	772	772	771	763	766	806
856	797.29267	833	811	786	770	770	775	769	756	759	766	804
857	797.85379	821	808	791	769	767	769	771	759	760	754	802
858	798.41493	807	806	787	770	762	765	764	766	766	749	788
859	798.97608	829	795	784	776	774	768	766	763	764	761	790
860	799.53726	819	802	788	779	778	767	762	761	755	763	804
861	800.09845	818	807	778	772	774	768	766	770	763	770	799
862	800.65966	817	790	783	777	777	764	767	759	757	765	799
863	801.22089	834	797	775	769	762	765	765	763	767	757	790
864	801.78214	823	784	772	767	758	755	758	760	760	769	794
865	802.3434	827	796	778	776	778	766	761	763	756	759	803
866	802.90469	813	793	787	768	772	773	756	756	753	761	801
867	803.46599	817	799	782	777	767	774	754	763	761	755	788
868	804.02731	810	799	787	774	769	764	769	766	761	768	790
869	804.58865	819	792	770	768	766	767	765	761	755	758	809
870	805.15	814	787	789	777	767	761	757	766	762	759	801
871	805.71138	810	799	785	772	768	759	762	766	755	759	805
872	806.27277	818	800	785	772	763	769	764	762	757	763	804
873	806.83418	830	787	772	771	771	756	757	769	763	765	799
874	807.39561	825	798	787	773	776	771	757	764	762	759	808
875	807.95705	835	807	785	780	767	769	767	763	761	767	822
876	808.51852	835	808	785	767	767	769	763	761	756	769	801
877	809.08	824	794	783	768	769	768	770	761	763	757	790
878	809.6415	831	789	779	769	766	768	760	767	757	765	797
879	810.20302	839	810	782	783	760	766	761	765	752	755	789
880	810.76455	825	800	781	782	768	767	765	763	759	766	795
881	811.32611	827	792	785	769	759	772	758	768	756	756	798
882	811.88768	826	799	779	778	764	762	760	763	752	753	796
883	812.44927	820	800	787	765	767	767	764	769	755	762	798
884	813.01088	824	800	786	785	767	767	761	769	758	761	792
885	813.57251	826	803	790	779	770	764	759	766	753	751	787
886	814.13415	820	806	786	774	760	770	755	756	755	771	799
887	814.69581	827	795	791	771	777	759	752	767	765	765	799
888	815.2575	839	808	787	772	770	764	766	761	761	754	793
889	815.81919	826	805	780	779	769	758	765	762	767	757	795
890	816.38091	814	808	783	773	768	761	755	764	757	761	802
891	816.94265	835	811	782	782	763	766	767	758	757	759	803
892	817.5044	834	820	791	776	768	769	759	761	761	763	803
893	818.06617	830	807	789	778	766	762	762	754	764	761	819
894	818.62796	833	804	777	772	764	772	761	759	755	759	810
895	819.18977	832	803	786	765	768	760	758	768	754	758	800
896	819.75159	829	811	787	777	768	768	763	760	753	758	813
897	820.31344	837	803	790	775	764	766	756	758	761	764	805
898	820.8753	831	807	796	773	768	761	757	763	752	761	810
899	821.43718	834	807	782	778	768	757	756	765	761	767	805
900	821.99908	845	804	783	775	766	760	761	748	747	763	818
901	822.56099	821	796	792	769	759	765	749	756	751	762	820
902	823.12293	855	814	790	773	772	763	765	764	758	767	807
903	823.68488	855	813	792	773	769	768	757	764	762	755	810
904	824.24685	841	807	790	772	768	769	759	765	762	764	807
905	824.80884	852	820	802	776	772	775	762	765	752	766	802
906	825.37085	847	808	787	780	768	757	756	763	763	759	813
907	825.93287	837	807	791	772	775	767	754	759	759	767	822
908	826.49491	862	833	803	780	766	758	760	757	750	759	813
909	827.05697	851	814	789	775	771	762	758	764	750	766	811
910	827.61905	855	823	798	775	773	767	764	767	759	763	823
911	828.18115	862	816	797	786	774	761	761	768	762	757	823
912	828.74326	866	820	798	773	771	763	772	761	746	755	823
913	829.3054	870	820	800	787	767	762	757	761	756	763	802
914	829.86755	862	819	797	778	772	771	762	754	760	769	815
915	830.42972	880	824	811	777	770	758	759	757	755	754	821
916	830.9919	871	827	806	791	764	765	767	759	752	763	823
917	831.55411	873	848	799	783	767	770	765	760	761	759	838
918	832.11633	868	824	809	777	770	769	760	769	767	767	845
919	832.67858	884	827	801	792	760	765	762	757	750	763	829
920	833.24083	885	853	810	788	774	765	762	763	753	757	848
921	833.80311	880	839	809	787	767	768	760	771	756	763	837
922	834.36541	877	843	810	784	775	764	758	761	754	762	831
923	834.92772	891	834	814	775	768	762	768	759	761	759	832
924	835.49005	902	836	806	775	777	772	762	765	758	760	846
925	836.0524	891	826	810	788	768	760	759	761	749	756	846
926	836.61477	896	840	796	789	774	766	773	770	753	764	838
927	837.17716	900	841	817	796	776	763	756	777	751	768	851
928	837.73956	897	867	816	787	784	773	760	759	752	760	842
929	838.30198	918	861	812	788	776	764	761	755	754	763	859
930	838.86443	909	867	819	792	780	773	759	766	755	756	846
931	839.42688	912	859	808	791	767	775	761	765	756	761	867
932	839.98936	932	856	814	796	778	771	758	763	756	767	868
933	840.55185	925	868	818	811	784	769	764	764	755	766	856
934	841.11437	926	870	826	804	779	772	765	767	755	765	869
935	841.6769	951	875	842	802	784	761	761	774	757	760	877
936	842.23945	950	880	827	798	779	775	767	774	756	758	873
937	842.80201	933	873	827	797	780	774	767	763	759	771	866
938	843.3646	947	879	828	795	787	764	761	766	753	766	865
939	843.9272	967	883	827	818	778	770	763	763	761	766	869
940	844.48982	950	887	848	802	780	785	769	771	764	777	890
941	845.05246	966	873	836	813	778	773	767	761	757	771	884
942	845.61512	974	884	831	809	778	771	770	775	757	773	887
943	846.1778	978	902	837	820	787	775	769	771	759	764	909
944	846.74049	981	890	837	809	780	771	764	765	756	767	891
945	847.3032	970	907	850	803	796	765	765	773	755	768	896
946	847.86593	985	905	842	810	786	779	762	768	753	767	903
947	848.42868	999	903	842	808	781	776	765	768	754	771	886
948	848.99144	1001	915	852	810	793	776	767	771	764	761	892
949	849.55423	997	914	863	820	793	771	768	777	763	769	905
950	850.11703	1042	927	854	817	795	778	762	769	756	772	927
951	850.67985	1054	941	854	836	788	775	773	772	750	762	931
952	851.24269	1029	921	855	828	800	775	769	773	767	767	919
953	851.80554	1012	936	864	820	803	780	774	777	758	766	919
954	852.36842	1050	914	864	831	791	769	775	766	751	766	939
955	852.93131	1056	943	864	817	787	791	773	777	761	768	924
956	853.49422	1068	950	872	812	801	769	782	776	757	773	945
957	854.05715	1093	942	868	826	804	787	778	771	752	783	953
958	854.6201	1079	956	874	819	799	774	763	771	760	766	968
959	855.18306	1084	944	868	824	806	776	776	775	753	783	938
960	855.74604	1065	978	903	823	801	781	777	784	757	769	966
961	856.30904	1106	964	892	832	795	790	777	765	755	771	967
962	856.87206	1093	987	892	838	804	777	764	779	758	769	972
963	857.4351	1119	986	889	823	793	788	779	775	759	771	962
964	857.99816	1121	981	893	820	802	790	782	778	764	778	979
965	858.56123	1126	985	889	830	813	787	767	779	762	777	976
966	859.12432	1139	1015	898	850	812	800	779	782	759	772	986
967	859.68743	1144	1015	903	832	798	790	770	775	760	771	986
968	860.25056	1164	1002	896	833	800	792	767	781	759	770	967
969	860.8137	1155	984	907	838	812	785	785	781	751	771	1005
970	861.37687	1158	1029	898	839	810	795	772	780	759	776	1008
971	861.94005	1159	1030	926	852	809	795	784	769	762	775	1014
972	862.50325	1189	1004	918	858	817	786	778	790	761	770	1012
973	863.06646	1187	1031	922	853	812	796	788	781	760	776	1027
974	863.6297	1208	1040	914	852	812	790	772	784	762	768	1030
975	864.19295	1194	1035	937	846	821	791	776	790	774	778	1028
976	864.75623	1199	1070	936	872	811	783	777	787	753	774	1036
977	865.31952	1218	1033	939	859	817	786	775	783	756	779	1047
978	865.88282	1185	1058	944	853	813	797	778	782	760	779	1067
979	866.44615	1223	1088	927	863	813	784	792	788	768	775	1040
980	867.0095	1223	1058	952	880	819	793	781	787	767	777	1081
981	867.57286	1255	1077	947	867	811	798	785	781	764	781	1076
982	868.13624	1280	1081	966	875	836	797	785	790	761	780	1065
983	868.69964	1274	1094	929	878	801	792	794	784	764	775	1067
984	869.26305	1248	1095	947	872	825	797	786	794	761	794	1082
985	869.82649	1283	1087	949	880	829	808	787	792	764	791	1091
986	870.38994	1297	1114	957	869	825	804	788	790	759	792	1093
987	870.95341	1305	1094	957	873	835	811	782	793	757	784	1071
988	871.5169	1299	1132	975	879	825	800	779	800	766	790	1091
989	872.08041	1347	1135	960	872	826	800	795	798	765	781	1094
990	872.64393	1321	1123	971	872	833	799	786	779	767	791	1107
991	873.20748	1353	1137	971	905	830	817	784	790	771	770	1117
992	873.77104	1350	1122	980	898	826	796	786	798	764	803	1127
993	874.33462	1343	1106	960	885	833	802	785	798	766	786	1138
994	874.89821	1346	1173	980	891	849	820	794	792	767	781	1122
995	875.46183	1359	1151	999	909	837	805	800	795	770	798	1134
996	876.02546	1387	1164	987	899	829	798	787	792	762	787	1115
997	876.58912	1386	1147	999	888	843	807	784	794	758	784	1112
998	877.15278	1385	1150	982	897	829	802	795	798	767	782	1132
999	877.71647	1378	1190	1026	888	842	811	790	796	768	795	1147
1000	878.28018	1354	1159	995	906	838	827	792	817	766	789	1131
1001	878.8439	1410	1172	1009	908	844	810	791	795	765	788	1151
1002	879.40764	1391	1174	994	904	835	811	798	807	767	795	1156
1003	879.9714	1425	1184	1016	886	840	811	798	803	763	797	1158
1004	880.53518	1432	1205	1015	909	841	815	783	808	762	787	1159
1005	881.09898	1407	1190	1026	922	841	811	779	792	767	784	1186
1006	881.66279	1415	1223	1012	917	846	823	789	799	764	797	1190
1007	882.22663	1450	1223	1056	919	855	821	787	805	759	786	1159
1008	882.79048	1458	1203	1016	909	839	818	791	795	763	789	1192
1009	883.35435	1450	1240	1053	925	848	809	801	791	773	802	1176
1010	883.91823	1480	1223	1037	922	853	820	802	788	763	794	1194
1011	884.48214	1458	1226	1059	911	839	807	798	797	767	791	1181
1012	885.04606	1469	1238	1036	915	846	813	806	804	759	789	1201
1013	885.61	1483	1232	1045	924	861	817	798	816	773	791	1200
1014	886.17396	1464	1227	1032	907	845	820	793	801	769	784	1203
1015	886.73794	1508	1238	1068	927	868	815	789	800	761	792	1201
1016	887.30193	1523	1230	1060	934	857	830	789	810	769	796	1209
1017	887.86595	1531	1264	1054	931	864	824	789	810	761	799	1220
1018	888.42998	1485	1221	1041	942	855	818	797	813	768	785	1216
1019	888.99403	1494	1244	1062	939	863	811	803	802	767	809	1237
1020	889.55809	1521	1243	1074	930	857	822	808	806	767	801	1206
1021	890.12218	1509	1278	1059	921	873	813	799	795	766	802	1238
1022	890.68628	1501	1285	1062	932	861	819	795	804	767	804	1231
1023	891.2504	1527	1277	1065	945	846	818	808	797	772	801	1227
1024	891.81454	1561	1266	1077	943	860	823	807	803	767	798	1277