"Df"	"Sum Sq"	"Mean Sq"	"F value"	"Pr(>F)"
"c38"	2	22.109477124183	11.0547385620915	3.58920083184802	0.0465651310641256
"c178"	2	950.755218216319	475.37760910816	154.343379580577	6.95789489025067e-13
"c375"	2	15.0474854738529	7.52374273692647	2.4427736158853	0.112415967790959
"c404"	2	48.5475288953542	24.2737644476771	7.88109235314217	0.00299267487459537
"c405"	2	11.7197197197194	5.85985985985969	1.90255190255191	0.175226247490282
"c375:c404"	1	26.9381395641203	26.9381395641203	8.74614920913028	0.00778693381903789
"c375:c405"	2	3.59838082723832	1.79919041361916	0.584152731694552	0.566811976439673
"c404:c405"	2	9.32293906810055	4.66146953405027	1.51346413443196	0.244309230423022
"Residuals"	20	61.5999999999979	3.0799999999999	NA	NA
