	V1	V6	V7	V8	V9	V10	V11	V12	V13	V14	V15	V16	V17	V18	V19	V20	V21
1	324.29638	816	837	801	797	780	771	758	750	743	746	745	745	747	750	747	745
2	324.83296	818	849	813	808	784	771	759	760	746	750	757	747	751	746	744	744
3	325.3696	807	827	800	803	791	762	759	762	750	747	753	744	744	741	739	748
4	325.90628	823	839	801	805	784	775	764	756	745	744	749	745	739	747	741	752
5	326.44301	815	836	799	802	790	769	764	754	748	756	742	743	740	746	747	738
6	326.97979	807	817	809	801	785	766	761	758	748	752	754	750	749	742	746	750
7	327.51662	826	819	792	821	779	763	760	753	742	741	757	753	746	750	745	747
8	328.05349	815	829	800	817	787	761	764	752	753	747	748	744	743	741	748	742
9	328.59042	824	823	793	807	772	769	752	759	747	747	751	743	744	747	744	744
10	329.12739	825	830	794	809	785	771	766	750	754	748	748	755	747	740	740	747
11	329.6644	817	824	799	816	785	773	763	749	750	749	747	744	747	751	751	741
12	330.20147	811	835	798	817	786	765	759	748	743	746	754	745	744	743	742	746
13	330.73858	818	830	807	816	787	767	760	747	755	745	752	750	742	754	750	747
14	331.27574	810	846	811	815	785	768	765	752	752	748	760	743	744	750	743	745
15	331.81295	814	835	812	811	780	771	762	756	745	747	743	748	747	746	745	748
16	332.3502	825	825	786	814	782	770	757	750	747	743	762	747	751	743	751	748
17	332.88751	822	830	797	808	784	766	764	749	750	756	749	752	743	752	749	754
18	333.42486	824	836	822	812	784	768	765	752	752	746	747	748	743	750	747	753
19	333.96226	815	833	799	823	778	767	754	759	745	748	750	747	742	748	743	741
20	334.4997	824	839	793	813	794	765	759	755	743	754	752	742	747	747	743	742
21	335.0372	817	816	798	808	788	768	759	758	753	744	746	744	747	745	744	744
22	335.57474	826	832	806	797	782	772	758	749	749	748	750	747	750	751	746	754
23	336.11233	825	848	809	816	783	763	763	756	748	752	754	745	746	747	745	749
24	336.64996	830	839	815	813	791	776	758	755	748	750	759	750	741	741	744	744
25	337.18765	824	840	819	817	788	773	760	752	748	748	747	748	746	749	750	750
26	337.72538	821	841	825	810	794	767	765	760	747	744	751	741	746	755	746	747
27	338.26316	829	847	811	804	781	765	760	752	754	748	754	754	744	746	752	748
28	338.80099	825	838	807	808	778	761	759	757	748	750	745	743	742	746	743	752
29	339.33886	827	846	805	813	788	770	756	751	749	747	746	743	748	748	750	746
30	339.87679	813	843	806	818	793	772	762	757	745	751	748	753	753	747	744	751
31	340.41476	814	830	805	811	801	770	763	748	744	751	751	748	751	747	748	743
32	340.95277	821	839	804	808	792	773	759	745	749	750	752	747	743	749	754	750
33	341.49084	812	834	810	813	780	768	760	748	752	751	750	744	743	754	742	745
34	342.02895	821	835	812	827	782	763	757	759	746	754	750	742	749	742	749	754
35	342.56711	821	838	825	820	790	779	755	762	745	747	747	747	747	749	748	746
36	343.10532	825	829	808	810	788	773	761	753	748	747	750	748	750	749	753	746
37	343.64358	829	824	808	817	796	773	755	754	749	740	750	748	740	753	745	742
38	344.18188	826	838	819	809	792	774	760	747	748	748	749	759	741	747	750	752
39	344.72024	822	832	818	823	782	770	763	756	743	749	747	751	752	744	749	752
40	345.25864	834	830	810	818	793	772	760	749	748	756	762	744	750	748	741	751
41	345.79708	827	831	807	813	786	771	754	748	757	752	751	746	743	750	743	749
42	346.33558	835	834	797	810	803	786	759	761	742	748	755	750	751	744	739	755
43	346.87412	825	837	810	812	796	768	757	755	747	750	757	741	745	750	749	744
44	347.41271	819	847	825	807	796	779	764	753	745	753	755	745	742	753	749	747
45	347.95135	825	837	818	831	794	768	768	760	750	751	751	749	746	745	745	747
46	348.49003	820	842	820	809	783	773	769	760	744	752	750	749	745	742	741	747
47	349.02877	817	847	810	817	798	781	766	760	756	753	759	745	749	747	744	748
48	349.56755	818	831	807	822	803	765	767	752	754	751	749	744	744	755	745	752
49	350.10638	834	850	806	817	790	767	763	755	748	743	760	745	752	744	751	747
50	350.64525	832	852	815	827	794	770	761	761	745	754	758	745	750	745	748	748
51	351.18418	816	860	809	820	796	768	764	758	751	741	753	748	746	748	749	751
52	351.72315	834	851	821	815	791	773	763	757	754	748	759	750	749	746	746	748
53	352.26217	836	846	811	815	793	773	761	752	743	752	754	749	744	746	743	762
54	352.80123	823	850	806	821	786	776	757	753	751	750	753	761	752	752	741	758
55	353.34035	836	846	812	818	801	768	767	758	762	754	758	760	749	754	748	757
56	353.87951	841	841	812	823	802	778	767	752	751	761	754	746	749	742	753	749
57	354.41872	833	843	810	821	793	778	762	757	752	751	754	741	750	742	746	747
58	354.95798	824	844	827	818	804	777	766	757	754	743	752	745	751	753	744	750
59	355.49728	836	837	810	827	789	781	758	756	741	750	754	748	742	751	746	749
60	356.03663	817	849	815	818	801	781	761	757	751	751	752	746	752	750	749	757
61	356.57604	849	860	828	825	801	777	770	754	753	756	754	742	751	749	750	747
62	357.11548	840	847	820	835	800	778	772	766	761	755	756	747	748	758	757	752
63	357.65498	852	862	822	821	804	780	767	751	752	752	755	755	749	758	754	758
64	358.19452	829	845	820	823	803	777	762	761	744	755	755	744	752	751	749	749
65	358.73411	835	838	816	822	803	782	756	755	745	752	752	746	758	758	755	752
66	359.27375	839	851	820	825	797	767	752	760	750	747	762	746	747	754	749	754
67	359.81344	853	854	829	833	807	775	760	750	754	757	759	745	748	755	750	749
68	360.35317	843	851	836	826	794	774	766	750	751	756	749	755	747	746	749	745
69	360.89295	835	861	816	838	812	779	762	753	747	756	752	751	751	748	745	756
70	361.43278	838	856	837	827	793	782	771	754	743	752	758	747	745	753	749	752
71	361.97266	837	852	819	831	799	775	767	760	760	763	754	743	748	749	741	753
72	362.51259	838	862	822	828	799	780	776	759	748	746	758	755	746	755	748	748
73	363.05256	843	859	829	842	804	777	763	753	752	752	751	751	745	757	748	756
74	363.59258	836	864	833	825	803	776	767	760	751	760	752	747	753	748	755	750
75	364.13265	835	872	820	822	800	782	770	757	751	746	749	754	751	758	748	756
76	364.67276	849	853	838	828	803	774	769	754	751	753	757	747	747	747	753	750
77	365.21292	863	864	831	832	804	782	766	757	750	748	753	752	750	758	753	747
78	365.75314	841	883	831	829	795	784	773	758	754	761	751	745	758	753	752	757
79	366.29339	850	870	829	831	806	781	768	757	750	748	756	745	743	753	747	748
80	366.8337	842	850	824	837	795	778	759	755	743	756	751	756	757	749	754	752
81	367.37405	853	878	825	842	789	774	765	763	745	754	759	750	749	757	750	754
82	367.91446	840	871	842	829	797	781	774	762	756	760	752	747	758	758	750	756
83	368.4549	860	875	838	842	812	786	770	760	752	753	756	749	748	756	761	755
84	368.9954	843	850	829	827	811	789	768	764	748	752	765	750	756	752	748	751
85	369.53595	850	865	838	841	815	779	764	755	748	751	754	755	749	750	754	753
86	370.07654	847	874	834	842	811	785	773	762	753	760	763	742	750	757	750	748
87	370.61718	864	868	832	847	811	772	768	757	758	752	756	749	747	758	748	752
88	371.15786	857	862	829	852	812	785	770	759	747	751	754	752	751	754	759	750
89	371.6986	860	886	843	836	812	790	767	760	749	760	755	755	742	755	753	744
90	372.23938	858	869	840	839	797	800	768	767	748	752	753	749	747	758	752	761
91	372.78021	869	880	838	835	805	782	759	764	747	755	759	752	751	760	755	759
92	373.32109	857	898	848	852	816	791	770	762	758	755	755	752	756	767	746	750
93	373.86202	852	876	846	851	824	773	766	760	749	759	750	745	746	755	752	754
94	374.40299	863	883	829	864	812	791	771	761	746	758	759	750	754	755	746	752
95	374.94401	865	887	842	851	812	789	768	758	753	754	763	747	747	754	753	756
96	375.48508	879	892	851	852	816	798	770	764	750	753	762	747	759	755	752	759
97	376.0262	872	881	842	870	821	794	776	762	744	762	760	750	752	745	752	747
98	376.56736	876	899	851	869	806	789	774	763	752	760	749	756	749	759	755	759
99	377.10857	876	891	864	883	836	794	769	768	758	759	756	752	752	755	747	758
100	377.64983	868	888	844	863	829	793	780	765	762	759	755	754	749	754	750	749
101	378.19114	877	901	872	867	824	790	775	760	750	764	757	752	746	753	749	758
102	378.73249	890	903	872	866	836	792	779	755	755	748	761	745	757	757	749	751
103	379.2739	881	929	865	888	820	797	765	762	757	761	753	745	749	752	750	756
104	379.81535	895	898	867	871	820	797	781	765	755	758	760	748	755	756	751	758
105	380.35684	879	919	868	870	832	807	779	763	752	762	755	756	744	757	752	753
106	380.89839	894	919	869	882	825	790	781	771	750	771	774	752	749	761	754	758
107	381.43998	901	904	871	864	843	798	782	763	753	758	764	753	743	755	748	767
108	381.98162	896	936	872	867	843	794	787	769	754	755	752	750	756	757	750	760
109	382.52331	902	931	873	881	836	806	780	775	757	762	763	751	747	761	747	756
110	383.06505	895	925	900	886	843	798	777	776	756	756	766	749	750	761	758	750
111	383.60683	906	889	876	888	831	794	776	758	756	760	762	752	750	758	746	750
112	384.14866	914	930	890	892	831	806	782	765	756	757	756	747	750	755	747	753
113	384.69054	913	933	903	910	858	804	781	761	750	763	765	752	758	754	754	757
114	385.23247	921	934	873	902	833	819	782	777	757	763	758	748	751	751	752	759
115	385.77444	931	938	887	913	845	803	791	769	760	758	775	754	756	765	748	753
116	386.31646	937	954	904	904	852	816	777	770	757	764	756	749	749	761	748	757
117	386.85853	929	954	883	924	863	803	787	773	759	770	760	752	746	763	756	760
118	387.40065	942	976	911	917	861	823	788	783	766	755	759	760	755	755	757	769
119	387.94282	959	957	899	934	860	827	787	773	752	758	762	755	760	754	758	756
120	388.48503	930	985	910	936	873	812	781	776	765	766	765	751	751	762	760	763
121	389.02729	963	987	912	934	858	818	793	771	762	762	776	749	757	768	758	766
122	389.5696	952	975	924	943	875	813	794	775	754	765	767	754	748	754	758	771
123	390.11195	943	975	917	951	871	832	793	779	760	763	766	751	755	760	760	760
124	390.65436	991	989	923	942	876	829	800	786	759	762	761	752	749	754	748	757
125	391.19681	986	1009	927	979	894	822	782	766	761	769	767	756	758	763	763	762
126	391.73931	1001	1025	944	970	886	832	801	776	754	776	766	755	752	762	758	763
127	392.28185	991	1030	955	963	898	831	795	796	761	772	770	755	752	767	760	763
128	392.82445	988	1045	970	991	906	845	793	781	759	768	767	753	752	764	761	763
129	393.36709	1015	1068	978	981	895	851	807	786	762	770	774	752	759	767	759	765
130	393.90978	1003	1041	998	1006	906	854	811	779	754	766	772	759	753	767	758	767
131	394.45252	1045	1083	1006	1004	918	846	813	792	759	766	769	756	757	768	760	763
132	394.9953	1063	1070	1024	1019	922	854	813	790	769	776	771	755	763	771	762	765
133	395.53813	1076	1124	1015	1032	943	863	807	780	769	765	776	756	757	760	752	768
134	396.08101	1100	1126	1015	1049	945	880	827	786	769	759	775	756	748	764	767	763
135	396.62394	1099	1163	1054	1065	964	890	823	795	767	779	780	766	756	764	758	764
136	397.16692	1103	1178	1045	1085	975	884	822	792	773	777	785	756	754	773	762	771
137	397.70994	1114	1194	1087	1124	980	884	826	808	771	761	781	762	768	763	763	772
138	398.25301	1169	1187	1107	1122	980	907	843	800	773	774	784	761	762	767	767	773
139	398.79613	1205	1250	1136	1141	997	901	843	810	763	782	787	767	763	786	760	755
140	399.33929	1210	1280	1150	1168	1019	926	846	807	771	775	799	760	768	777	765	777
141	399.88251	1283	1314	1162	1209	1056	944	874	823	783	785	782	780	774	797	777	783
142	400.42577	1300	1368	1239	1234	1062	944	859	843	771	795	810	775	768	791	778	781
143	400.96908	1341	1386	1215	1286	1084	968	882	820	784	790	810	771	768	795	772	787
144	401.51243	1370	1502	1300	1309	1126	975	885	822	776	795	806	760	770	792	767	786
145	402.05584	1412	1502	1301	1370	1170	990	888	834	791	783	804	774	769	788	780	798
146	402.59929	1481	1569	1343	1433	1147	1000	885	856	785	798	808	769	769	809	771	798
147	403.14279	1566	1637	1422	1441	1209	1025	941	864	792	806	813	767	776	797	787	797
148	403.68634	1623	1680	1439	1508	1267	1069	942	868	801	807	826	780	768	803	794	801
149	404.22993	1696	1810	1518	1592	1323	1110	960	864	807	820	831	772	783	794	794	811
150	404.77358	1724	1869	1586	1684	1363	1115	965	893	803	819	851	784	780	811	786	820
151	405.31727	1859	1927	1639	1782	1408	1162	994	900	815	827	860	783	792	821	792	824
152	405.861	1902	2049	1732	1840	1457	1183	1016	903	823	844	867	782	798	833	798	818
153	406.40479	2029	2184	1869	1918	1525	1230	1042	931	819	833	866	785	805	837	801	838
154	406.94862	2155	2288	1966	1981	1594	1244	1052	948	822	853	880	789	793	843	817	843
155	407.4925	2293	2420	2019	2120	1659	1279	1071	964	833	881	882	797	800	856	806	867
156	408.03643	2407	2591	2110	2230	1694	1354	1094	996	852	855	894	809	819	851	811	855
157	408.58041	2535	2718	2202	2360	1794	1384	1138	996	845	888	922	810	826	862	819	878
158	409.12443	2707	2889	2348	2518	1866	1459	1191	1047	857	900	911	814	819	880	834	893
159	409.66851	2893	3023	2469	2729	2053	1515	1220	1055	876	923	943	819	807	917	826	908
160	410.21262	3049	3276	2674	2855	2073	1564	1245	1087	874	915	975	818	846	915	870	914
161	410.75679	3231	3447	2788	2950	2224	1663	1308	1120	876	953	985	848	844	935	863	920
162	411.30101	3421	3690	2953	3237	2330	1742	1334	1150	888	963	992	848	855	938	859	929
163	411.84527	3714	3909	3209	3416	2517	1808	1407	1170	903	974	1010	841	863	947	877	949
164	412.38958	3884	4255	3344	3666	2660	1851	1424	1239	914	982	1031	869	879	970	880	966
165	412.93394	4209	4556	3634	3895	2754	2013	1467	1241	945	1016	1069	883	880	1015	890	966
166	413.47834	4479	4846	3844	4147	2951	2053	1542	1280	964	1051	1099	903	890	1016	906	1020
167	414.02279	4709	5134	4037	4348	3080	2161	1617	1355	974	1042	1107	893	891	1030	915	1029
168	414.5673	5071	5522	4344	4642	3225	2288	1697	1388	966	1088	1156	895	907	1052	955	1069
169	415.11184	5410	5872	4576	4954	3461	2409	1751	1397	994	1116	1189	921	916	1087	935	1079
170	415.65644	5707	6205	4888	5274	3697	2535	1837	1467	1043	1144	1253	938	949	1109	966	1100
171	416.20108	6150	6671	5243	5528	3939	2671	1930	1502	1063	1145	1278	956	950	1148	998	1151
172	416.74577	6504	7036	5458	5993	4200	2866	2054	1564	1051	1183	1287	967	957	1131	988	1170
173	417.29051	6877	7494	5859	6313	4362	2953	2087	1653	1078	1227	1370	974	980	1168	993	1187
174	417.8353	7309	7995	6190	6736	4618	3124	2194	1727	1135	1258	1394	975	1024	1219	1056	1208
175	418.38013	7683	8329	6674	7183	4904	3239	2329	1808	1143	1313	1446	1002	1016	1250	1047	1259
176	418.92502	8296	9113	6973	7623	5167	3418	2395	1810	1170	1312	1486	1024	1013	1308	1075	1286
177	419.46995	8647	9539	7426	8006	5548	3581	2531	1908	1210	1358	1507	1046	1065	1303	1112	1322
178	420.01492	9139	10215	7771	8380	5674	3743	2641	1963	1217	1416	1569	1050	1085	1336	1113	1375
179	420.55995	9698	10733	8188	8990	6118	3924	2777	2059	1266	1447	1683	1093	1115	1386	1131	1433
180	421.10502	10370	11423	8666	9395	6399	4132	2902	2125	1338	1511	1678	1101	1136	1438	1160	1442
181	421.65014	11048	12047	9217	9993	6755	4375	2965	2232	1354	1516	1727	1130	1159	1456	1197	1506
182	422.19531	11545	12664	9623	10448	7215	4634	3098	2301	1402	1556	1761	1150	1164	1484	1203	1568
183	422.74052	12109	13376	10101	10962	7451	4844	3281	2386	1390	1606	1879	1203	1174	1546	1230	1573
184	423.28579	12853	13955	10636	11488	7871	5001	3443	2543	1407	1714	1902	1205	1221	1590	1301	1621
185	423.8311	13366	14557	11116	12348	8187	5167	3499	2601	1451	1757	1987	1236	1233	1642	1324	1708
186	424.37646	13963	15372	11766	12744	8591	5443	3699	2676	1520	1748	2024	1239	1268	1681	1351	1736
187	424.92186	14687	16125	12264	13339	8972	5722	3824	2731	1584	1823	2115	1267	1281	1720	1395	1761
188	425.46732	15451	17032	12899	13981	9425	5943	4024	2868	1582	1932	2183	1292	1340	1829	1409	1773
189	426.01282	15999	17804	13494	14660	9789	6218	4049	2949	1633	1940	2249	1311	1364	1825	1437	1916
190	426.55837	16742	18514	13850	15171	10235	6410	4247	3095	1662	1981	2356	1307	1358	1863	1459	1911
191	427.10397	17408	19388	14621	15795	10731	6667	4381	3186	1739	2048	2416	1386	1383	1926	1468	2002
192	427.64961	18045	20151	15489	16659	11057	7045	4576	3239	1773	2073	2427	1420	1422	1968	1504	2033
193	428.1953	18861	21200	15817	17090	11498	7147	4742	3463	1803	2139	2571	1441	1464	2091	1519	2122
194	428.74104	19793	21928	16334	17947	11793	7457	4998	3534	1873	2239	2632	1450	1529	2080	1547	2100
195	429.28683	20353	22595	17082	18406	12206	7742	5072	3639	1906	2275	2699	1450	1515	2180	1613	2213
196	429.83267	21207	23280	17425	19105	12899	8115	5237	3652	1950	2337	2787	1501	1548	2212	1646	2210
197	430.37855	21907	24188	18095	19851	13315	8224	5418	3825	1970	2403	2822	1606	1554	2284	1722	2304
198	430.92448	22513	25204	18874	20372	13671	8452	5518	3943	2051	2468	2943	1604	1627	2306	1686	2348
199	431.47046	23149	26205	19410	20838	14186	8788	5779	4025	2040	2508	2950	1598	1631	2374	1751	2442
200	432.01648	24028	26657	20037	21591	14570	8980	5995	4155	2129	2563	3081	1634	1679	2431	1780	2457
201	432.56256	24762	27655	20614	22461	14842	9341	6098	4278	2182	2633	3185	1616	1718	2464	1791	2531
202	433.10868	25195	28441	21358	22916	15210	9561	6224	4358	2240	2684	3263	1677	1736	2455	1874	2543
203	433.65485	26275	29121	21948	23682	15756	9696	6393	4415	2321	2689	3327	1720	1745	2569	1875	2649
204	434.20106	26890	29898	22314	24142	16145	10099	6631	4535	2316	2746	3367	1752	1742	2600	1917	2676
205	434.74733	27533	30763	22892	24825	16532	10411	6657	4639	2333	2847	3436	1823	1840	2641	1974	2653
206	435.29364	28150	31412	23536	25475	17010	10414	6696	4789	2320	2842	3530	1819	1850	2712	1973	2734
207	435.84	28831	32268	24024	25860	17362	10714	7025	4847	2414	2945	3569	1861	1878	2760	2020	2856
208	436.38641	29807	32868	24692	26598	18075	11087	7162	5027	2470	2981	3598	1878	1933	2777	2011	2887
209	436.93286	29968	33675	24952	27187	18326	11098	7262	5082	2506	3080	3696	1854	1939	2840	2070	2924
210	437.47936	30532	34275	25632	27619	18450	11384	7356	5097	2540	3062	3836	1891	1946	2942	2069	3020
211	438.02592	31186	35009	26059	28072	18744	11617	7542	5227	2580	3137	3849	1913	1972	2956	2081	3004
212	438.57251	32046	35545	26480	28651	19028	11696	7616	5267	2623	3199	3864	1977	1971	2964	2113	3007
213	439.11916	32406	36305	26680	29117	19299	11956	7736	5330	2602	3277	3955	1962	2069	2963	2194	3098
214	439.66585	32840	36855	27367	29458	19647	12209	7867	5485	2664	3293	4017	1979	2010	3003	2205	3102
215	440.21259	33474	37337	28001	30021	20067	12406	7866	5548	2723	3302	3960	2006	2057	3091	2203	3120
216	440.75938	33968	38001	28068	30606	20411	12536	8195	5517	2731	3370	4068	2037	2075	3087	2180	3170
217	441.30622	34582	38586	28684	31048	20569	12598	8331	5604	2739	3338	4169	2090	2096	3167	2291	3303
218	441.8531	35126	39145	29195	31498	21016	12912	8399	5712	2771	3401	4174	2119	2132	3243	2262	3307
219	442.40003	35238	39674	29409	31720	21190	12965	8419	5873	2811	3550	4329	2123	2114	3271	2320	3279
220	442.94701	35743	40227	29718	32007	21395	13158	8504	5904	2794	3527	4384	2139	2151	3235	2327	3391
221	443.49404	35974	40420	30096	32328	21742	13264	8655	5892	2863	3533	4284	2134	2159	3278	2304	3415
222	444.04111	36510	41135	30120	32747	21793	13337	8642	6046	2871	3601	4407	2142	2194	3303	2329	3385
223	444.58824	36915	41571	30636	33182	22048	13597	8675	6012	2849	3587	4396	2160	2215	3333	2375	3423
224	445.13541	37025	41536	30819	33324	22220	13681	8808	6031	2895	3595	4424	2171	2209	3323	2381	3469
225	445.68262	37370	42099	31112	33541	22479	13809	9018	6119	2923	3584	4497	2205	2199	3400	2405	3465
226	446.22989	37939	42709	31299	33816	22683	13863	8929	6233	2934	3666	4542	2227	2247	3367	2416	3466
227	446.7772	38043	42883	31735	33835	22585	14001	8979	6289	3005	3672	4509	2203	2258	3447	2450	3597
228	447.32456	38255	43019	31713	34537	22929	13984	9103	6154	2982	3691	4550	2189	2250	3392	2395	3509
229	447.87197	38489	43452	32247	34405	22978	14182	9104	6253	2958	3730	4581	2210	2256	3507	2421	3543
230	448.41943	38769	43719	32084	34262	23128	14244	9210	6373	3010	3708	4658	2232	2325	3490	2453	3538
231	448.96693	38931	43813	32180	34731	23182	14362	9273	6276	3060	3761	4639	2264	2290	3459	2392	3564
232	449.51448	39077	44261	32363	35009	23519	14287	9258	6376	3028	3833	4610	2262	2287	3542	2439	3555
233	450.06208	39256	44406	32638	34862	23407	14468	9160	6376	3079	3761	4588	2297	2271	3502	2455	3664
234	450.60973	38994	44399	32670	35122	23661	14529	9420	6311	3038	3747	4674	2272	2328	3513	2459	3619
235	451.15742	39502	44407	32680	35165	23492	14462	9353	6419	3085	3865	4615	2303	2341	3525	2474	3606
236	451.70516	39465	44648	32772	35103	23496	14504	9218	6438	3017	3802	4653	2318	2309	3532	2475	3607
237	452.25295	39619	44732	33076	35526	23734	14548	9353	6331	3101	3836	4682	2336	2316	3540	2513	3650
238	452.80079	39852	45008	32987	35195	23751	14432	9328	6390	3100	3816	4726	2269	2365	3626	2476	3610
239	453.34868	39984	44918	33087	35559	23563	14685	9354	6404	3068	3824	4754	2305	2304	3586	2490	3653
240	453.89661	39769	45203	33341	35658	23817	14623	9376	6412	3115	3793	4752	2284	2408	3520	2458	3628
241	454.44459	39687	45126	33177	35432	23665	14495	9394	6547	3097	3794	4723	2273	2299	3518	2499	3579
242	454.99262	40028	45019	33016	35422	23683	14693	9428	6545	3074	3858	4731	2283	2296	3597	2468	3733
243	455.54069	39620	45200	33099	35467	23704	14617	9314	6403	3131	3807	4767	2259	2326	3507	2491	3588
244	456.08881	39853	45348	33061	35584	23824	14648	9332	6488	3103	3787	4833	2299	2361	3558	2554	3647
245	456.63699	40040	45019	33312	35405	23830	14709	9379	6425	3119	3755	4744	2328	2331	3551	2495	3612
246	457.1852	39764	45119	32964	35513	23843	14625	9398	6508	3008	3853	4708	2326	2299	3556	2476	3632
247	457.73347	39621	45243	32987	35340	23849	14567	9336	6439	3067	3806	4742	2237	2373	3529	2450	3606
248	458.28178	39791	44891	32973	35349	23811	14480	9441	6483	3083	3852	4644	2303	2308	3565	2465	3668
249	458.83015	39553	44948	32830	35286	23759	14374	9276	6406	3006	3827	4790	2250	2359	3500	2486	3670
250	459.37856	39696	44946	32730	35240	23512	14586	9363	6404	3063	3790	4694	2283	2314	3516	2423	3560
251	459.92701	39612	45178	32751	35179	23583	14397	9308	6344	3067	3746	4746	2279	2345	3561	2435	3635
252	460.47552	39409	44723	32801	35047	23516	14300	9192	6335	3087	3797	4616	2291	2290	3524	2499	3525
253	461.02407	39104	44614	32654	35139	23413	14309	9351	6298	3085	3742	4661	2248	2318	3503	2496	3594
254	461.57267	39240	44779	32410	34648	23252	14392	9200	6382	3046	3739	4701	2252	2293	3506	2468	3592
255	462.12132	38852	44521	32284	34623	23214	14320	9195	6402	3007	3761	4642	2260	2286	3441	2476	3605
256	462.67001	38824	44163	32366	34669	23097	14259	9226	6249	3046	3748	4596	2323	2288	3499	2508	3588
257	463.21875	38586	44237	32048	34403	23132	14203	9044	6268	3007	3792	4625	2234	2277	3458	2476	3553
258	463.76754	38629	44008	32097	34577	22917	14050	8984	6222	3007	3792	4549	2297	2259	3399	2430	3519
259	464.31638	38454	43741	32082	34234	22699	14095	9037	6198	3012	3673	4584	2244	2290	3477	2425	3577
260	464.86527	38275	43865	31594	34138	22828	14009	9093	6153	3019	3677	4492	2246	2260	3480	2376	3475
261	465.4142	38004	43403	31508	33870	22564	13976	9138	6032	2945	3697	4500	2255	2293	3373	2433	3544
262	465.96318	37751	43175	31507	33722	22604	13810	8773	6092	2987	3686	4480	2239	2218	3466	2459	3461
263	466.51221	37650	43222	31176	33478	22271	13685	8866	6064	2966	3668	4474	2252	2268	3357	2375	3442
264	467.06129	37524	42760	31215	33436	22305	13605	8851	6039	2934	3627	4467	2177	2189	3367	2405	3460
265	467.61041	37312	42637	30947	33241	22145	13789	8835	6041	2944	3610	4442	2143	2260	3345	2424	3489
266	468.15959	36914	42352	30745	33061	22092	13620	8868	5975	2925	3643	4482	2136	2253	3381	2366	3408
267	468.7088	37168	42331	30725	32638	22082	13538	8712	6168	2917	3604	4329	2189	2239	3339	2401	3502
268	469.25807	36403	41708	30669	32732	21985	13425	8616	5933	2854	3574	4370	2170	2222	3278	2405	3428
269	469.80739	36377	41828	30113	32308	21781	13349	8541	5865	2878	3561	4359	2119	2172	3267	2349	3458
270	470.35675	36275	41587	29950	32242	21488	13431	8471	5864	2834	3563	4302	2160	2215	3236	2359	3363
271	470.90616	35696	41003	29641	31877	21665	13224	8544	5867	2885	3547	4365	2150	2184	3285	2327	3305
272	471.45562	35689	40972	29798	31664	21202	12965	8412	5887	2852	3461	4283	2065	2147	3263	2349	3366
273	472.00512	35214	40761	29144	31458	21186	12960	8410	5739	2801	3463	4279	2115	2142	3187	2346	3280
274	472.55468	35285	40154	29134	31226	21043	12830	8289	5721	2824	3387	4188	2057	2136	3198	2290	3356
275	473.10428	35158	40153	28918	31204	20879	12772	8354	5691	2752	3454	4238	2089	2183	3169	2277	3298
276	473.65393	34717	39862	28896	30779	20590	12777	8206	5595	2777	3352	4205	2102	2108	3146	2240	3190
277	474.20362	34377	39850	28824	30581	20727	12490	8260	5564	2762	3434	4197	2098	2107	3182	2251	3220
278	474.75337	34028	39309	28196	30400	20358	12715	8025	5543	2713	3401	4188	2101	2091	3102	2241	3182
279	475.30316	34031	38846	28073	30046	20223	12366	8083	5492	2730	3374	4053	2015	2119	3107	2199	3168
280	475.853	33568	38767	27901	29965	20076	12423	8114	5447	2671	3384	4054	2024	2116	3101	2240	3213
281	476.40288	33342	38372	27894	29546	19751	12299	8061	5473	2700	3354	4131	1985	2079	3082	2184	3163
282	476.95282	33125	38080	27576	29364	19795	12220	7767	5428	2699	3347	4042	2027	2064	3056	2158	3115
283	477.5028	32803	37875	27136	29001	19501	11991	7809	5346	2647	3233	4031	2005	2054	3013	2161	3092
284	478.05283	32532	37493	27026	28652	19563	11957	7689	5276	2688	3210	3941	2025	2080	2980	2191	3094
285	478.60291	32141	37296	26812	28377	19172	11864	7699	5195	2647	3227	3891	1986	2036	2999	2108	3100
286	479.15303	31985	36826	26562	28321	19125	11781	7631	5253	2604	3278	3839	1951	2039	2947	2211	3008
287	479.70321	31723	36768	26260	27962	19086	11649	7600	5246	2619	3137	3826	1971	1989	2958	2142	2968
288	480.25343	31548	36470	26189	28022	18881	11684	7502	5195	2579	3173	3909	1977	2019	2922	2171	3021
289	480.80369	31019	36106	25827	27582	18664	11527	7363	5125	2545	3239	3832	1950	2014	2965	2089	2965
290	481.35401	30975	35926	25484	27448	18439	11342	7336	5147	2534	3128	3857	1933	2019	2864	2125	2962
291	481.90437	30755	35706	25479	27106	18334	11414	7305	4979	2562	3077	3829	1925	1985	2841	2185	2890
292	482.45478	30493	35253	25188	26940	18339	11170	7338	4991	2577	3139	3737	1939	1938	2761	2131	2936
293	483.00524	30055	34977	25109	26891	18010	11163	7255	4924	2487	3044	3760	1917	1939	2833	2104	2902
294	483.55575	29791	34838	24932	26415	17803	11115	7179	4938	2494	3048	3778	1929	1963	2833	2053	2870
295	484.1063	29802	34262	24592	26113	17873	10964	7084	4911	2472	3056	3672	1903	1925	2819	2017	2843
296	484.65691	29217	34049	24414	26108	17581	10890	7052	4816	2481	2971	3647	1873	1952	2765	2069	2811
297	485.20756	28941	34185	24288	25729	17356	10825	7063	4857	2490	2974	3605	1892	1897	2712	2013	2811
298	485.75825	28840	33859	24041	25609	17298	10693	6910	4816	2462	3018	3566	1829	1923	2762	2016	2798
299	486.309	28603	33536	23650	25422	17021	10487	6900	4732	2379	2986	3536	1827	1896	2777	2030	2822
300	486.85979	28567	33298	23625	25060	16871	10458	6831	4671	2443	2943	3515	1847	1864	2678	1966	2783
301	487.41063	28139	33022	23454	25049	16998	10473	6819	4742	2376	2937	3540	1837	1860	2708	2007	2768
302	487.96152	27967	32660	23494	24696	16799	10381	6681	4623	2354	2874	3532	1867	1861	2682	1938	2762
303	488.51245	27878	32104	23150	24530	16524	10236	6660	4642	2391	2905	3428	1782	1827	2719	1932	2690
304	489.06344	27571	32191	22967	24277	16476	10167	6628	4622	2346	2820	3481	1810	1885	2633	1967	2711
305	489.61447	27380	32083	22803	24370	16208	10121	6528	4590	2352	2817	3393	1839	1812	2652	1957	2741
306	490.16555	27041	31596	22578	24112	16034	10039	6603	4473	2315	2850	3451	1769	1855	2634	1935	2663
307	490.71667	26823	31232	22143	23823	16050	9909	6419	4503	2361	2806	3385	1772	1889	2569	1922	2639
308	491.26785	26819	31251	22079	23577	15784	9920	6510	4502	2300	2760	3331	1744	1773	2590	1936	2615
309	491.81907	26408	31197	22104	23361	15830	9722	6390	4446	2325	2712	3386	1767	1853	2515	1941	2639
310	492.37034	26245	30782	21736	23483	15608	9733	6399	4446	2228	2836	3338	1749	1803	2507	1868	2507
311	492.92165	26041	30477	21644	22985	15555	9679	6297	4376	2272	2731	3307	1723	1769	2579	1874	2623
312	493.47302	25613	30255	21432	22874	15491	9552	6129	4319	2275	2772	3262	1762	1785	2538	1903	2557
313	494.02443	25446	30140	21374	22733	15267	9440	6203	4336	2242	2670	3303	1703	1793	2473	1860	2573
314	494.57589	25523	29893	21227	22419	15292	9437	6219	4255	2246	2700	3264	1695	1797	2475	1900	2581
315	495.1274	25098	29654	20995	22290	15000	9494	6086	4300	2217	2612	3266	1728	1785	2518	1860	2572
316	495.67895	25042	29421	20967	22282	15043	9354	5971	4229	2221	2634	3305	1742	1729	2480	1872	2510
317	496.23056	24882	29194	20621	22134	14749	9230	6124	4171	2195	2691	3163	1715	1753	2432	1831	2521
318	496.78221	24717	29252	20612	21929	14716	9115	5991	4202	2239	2638	3197	1675	1738	2472	1827	2472
319	497.3339	24672	29050	20379	21501	14656	9112	5932	4136	2165	2611	3117	1664	1737	2421	1788	2458
320	497.88565	24418	28650	20301	21687	14616	9046	5938	4144	2160	2599	3128	1674	1735	2405	1806	2486
321	498.43744	24456	28475	20133	21357	14620	8999	5907	4147	2173	2531	3129	1673	1725	2376	1791	2482
322	498.98928	24143	28308	19949	21185	14564	8918	5826	4079	2132	2564	3091	1700	1711	2395	1814	2484
323	499.54117	23909	28065	19939	21247	14219	8906	5860	4026	2119	2564	3125	1664	1687	2411	1819	2438
324	500.09311	23855	28028	19727	20986	14237	8869	5704	3993	2109	2573	3079	1629	1698	2374	1793	2430
325	500.64509	23704	27850	19522	20934	14171	8843	5865	4011	2152	2513	3037	1660	1693	2352	1796	2416
326	501.19713	23525	27555	19427	20639	13990	8723	5673	3979	2118	2527	3043	1659	1678	2307	1802	2388
327	501.74921	23234	27441	19361	20552	13894	8617	5691	3965	2156	2536	3014	1632	1689	2375	1740	2357
328	502.30133	23227	27322	19116	20297	13773	8528	5551	3924	2088	2509	3042	1616	1640	2355	1791	2338
329	502.85351	22980	27202	18870	20162	13708	8502	5595	3860	2064	2488	3012	1641	1663	2300	1786	2305
330	503.40573	22865	27045	18900	20161	13727	8464	5629	3821	2064	2563	2988	1603	1678	2304	1783	2318
331	503.958	22760	26807	18764	19931	13421	8448	5539	3842	2079	2491	2947	1618	1621	2317	1745	2300
332	504.51032	22596	26386	18591	19899	13507	8439	5456	3835	1998	2440	3002	1617	1633	2312	1739	2312
333	505.06268	22514	26484	18666	19656	13469	8279	5528	3763	2056	2507	3000	1569	1648	2234	1737	2296
334	505.6151	22391	26344	18423	19547	13184	8291	5373	3833	2059	2442	2885	1627	1654	2261	1715	2289
335	506.16756	21984	25892	18210	19559	13307	8305	5392	3773	2056	2431	2906	1577	1608	2293	1721	2332
336	506.72007	21795	25827	18173	19219	13208	8182	5352	3691	2085	2395	2803	1573	1644	2239	1735	2241
337	507.27262	21704	25743	17791	19074	13009	8122	5346	3735	2039	2401	2788	1566	1592	2264	1742	2236
338	507.82523	21566	25697	17827	18975	12925	8039	5265	3671	2004	2362	2843	1573	1591	2234	1666	2313
339	508.37788	21500	25300	17730	18775	13034	7996	5197	3656	2015	2320	2788	1593	1610	2193	1663	2252
340	508.93058	21116	25327	17642	18785	12789	7982	5213	3606	1988	2314	2791	1585	1561	2187	1668	2231
341	509.48332	20859	24876	17499	18717	12667	7959	5173	3683	1993	2364	2852	1534	1550	2121	1711	2205
342	510.03612	20864	24699	17606	18457	12519	7865	5146	3636	1921	2319	2825	1570	1552	2176	1688	2259
343	510.58896	20910	24750	17116	18297	12502	7797	5114	3589	1969	2292	2803	1523	1565	2161	1658	2144
344	511.14185	20525	24339	17047	18283	12419	7635	5144	3519	1919	2257	2726	1546	1555	2107	1647	2195
345	511.69479	20326	24401	16798	18000	12349	7537	4982	3515	1907	2293	2736	1530	1623	2112	1648	2136
346	512.24777	20261	24054	16804	17912	12195	7608	4982	3485	1884	2304	2744	1543	1575	2154	1627	2180
347	512.8008	20136	23939	16648	17790	12069	7629	5094	3456	1946	2293	2731	1508	1544	2087	1634	2203
348	513.35389	19963	23767	16501	17639	11867	7539	4871	3437	1886	2239	2727	1520	1533	2108	1619	2147
349	513.90701	19773	23669	16451	17514	11931	7473	4900	3350	1904	2235	2669	1481	1553	2105	1601	2096
350	514.46019	19556	23259	16338	17279	11662	7346	4844	3429	1901	2218	2664	1515	1517	2063	1624	2079
351	515.01341	19546	23138	16185	17100	11608	7358	4894	3421	1913	2257	2667	1486	1547	2086	1566	2081
352	515.56668	19422	23092	16126	17035	11552	7259	4813	3370	1823	2168	2654	1482	1506	2020	1608	2051
353	516.12	19181	22945	15822	16852	11406	7223	4781	3220	1875	2171	2603	1480	1512	2036	1563	2064
354	516.67337	18817	22711	15643	16653	11321	7124	4664	3332	1801	2164	2588	1471	1524	2035	1615	2082
355	517.22678	18877	22391	15668	16541	11423	7209	4636	3270	1835	2163	2566	1491	1517	1989	1566	2057
356	517.78024	18719	22240	15476	16401	11087	7040	4670	3267	1811	2173	2623	1462	1495	1975	1565	2025
357	518.33375	18478	22118	15463	16277	11030	6947	4520	3188	1828	2138	2583	1497	1475	2000	1523	1984
358	518.88731	18388	21685	15138	16048	11023	6921	4565	3211	1799	2142	2527	1433	1442	2017	1540	2050
359	519.44092	18177	21756	15078	15923	10985	6821	4502	3081	1806	2103	2503	1420	1487	1928	1536	1964
360	519.99457	17966	21212	15001	15767	10797	6797	4553	3159	1799	2067	2512	1411	1456	1972	1524	1957
361	520.54827	17767	21356	14862	15695	10631	6782	4479	3187	1753	2092	2450	1385	1446	1901	1499	1977
362	521.10202	17664	21112	14717	15450	10601	6678	4421	3170	1752	2017	2439	1437	1440	1944	1517	2009
363	521.65581	17418	20811	14484	15196	10510	6677	4341	3073	1741	2024	2421	1434	1409	1902	1545	1959
364	522.20966	17371	20694	14388	15242	10378	6513	4357	3090	1748	2020	2454	1418	1458	1931	1527	1894
365	522.76355	17190	20423	14324	15232	10318	6599	4353	3036	1737	2042	2409	1391	1414	1881	1490	1952
366	523.31748	16976	20285	14143	14892	10167	6441	4287	2985	1726	2072	2356	1398	1406	1897	1493	1942
367	523.87147	16880	20163	14042	14985	10117	6397	4258	2990	1687	2024	2369	1377	1419	1874	1486	1912
368	524.4255	16596	20099	13761	14596	9947	6311	4205	2983	1726	2013	2327	1372	1374	1864	1508	1898
369	524.97959	16509	19780	13787	14494	10051	6355	4102	2874	1667	1953	2359	1338	1399	1818	1462	1860
370	525.53371	16222	19376	13522	14424	9825	6283	4128	2878	1669	2011	2361	1395	1394	1829	1481	1877
371	526.08789	16323	19309	13361	14135	9771	6149	3970	2906	1646	1943	2350	1370	1387	1815	1485	1887
372	526.64212	16042	19128	13318	14015	9637	6120	3975	2883	1638	1960	2290	1329	1363	1797	1427	1823
373	527.19639	15859	18886	13428	13953	9408	6018	3999	2828	1668	1911	2277	1358	1380	1823	1454	1848
374	527.75071	15845	18706	13016	13735	9495	5947	4045	2834	1666	1951	2245	1340	1302	1772	1436	1817
375	528.30508	15513	18590	12895	13734	9301	5919	3967	2842	1633	1917	2222	1343	1331	1760	1434	1831
376	528.85949	15340	18569	12797	13656	9231	5803	3954	2800	1649	1921	2178	1365	1372	1767	1411	1809
377	529.41395	15216	18045	12810	13412	9263	5743	3877	2747	1585	1889	2172	1330	1330	1791	1402	1781
378	529.96846	15092	18160	12452	13189	9152	5821	3849	2757	1618	1845	2157	1316	1333	1746	1408	1755
379	530.52302	14894	17856	12469	13204	8968	5735	3836	2745	1565	1873	2153	1304	1354	1733	1417	1744
380	531.07763	14591	17657	12391	13027	9027	5665	3720	2731	1571	1845	2189	1332	1340	1686	1370	1752
381	531.63228	14710	17460	12155	12805	8732	5718	3735	2691	1581	1782	2179	1320	1323	1683	1381	1758
382	532.18698	14676	17209	12000	12711	8721	5559	3723	2632	1577	1796	2115	1282	1303	1747	1379	1740
383	532.74173	14221	17159	11861	12643	8660	5478	3704	2640	1550	1833	2115	1304	1284	1718	1382	1715
384	533.29653	14105	17049	11803	12596	8537	5429	3692	2630	1508	1817	2098	1271	1303	1642	1371	1715
385	533.85137	13981	16765	11776	12388	8505	5432	3537	2624	1533	1753	2095	1255	1303	1699	1370	1711
386	534.40626	13833	16573	11552	12247	8339	5301	3595	2588	1564	1808	2084	1279	1303	1641	1352	1678
387	534.9612	13713	16396	11533	12012	8231	5245	3560	2531	1556	1746	2030	1272	1308	1631	1347	1655
388	535.51619	13492	16262	11275	11889	8187	5239	3509	2521	1528	1727	2041	1251	1288	1626	1361	1649
389	536.07122	13517	15956	11305	11700	8108	5290	3480	2523	1489	1702	2101	1251	1264	1651	1337	1679
390	536.62631	13414	15901	11155	11748	8088	5189	3382	2502	1481	1755	2045	1264	1270	1661	1330	1634
391	537.18144	13099	15887	11039	11635	8049	5152	3490	2507	1497	1724	1988	1250	1277	1655	1310	1640
392	537.73661	13175	15654	10931	11460	7844	5045	3358	2464	1528	1672	1988	1255	1265	1621	1299	1642
393	538.29184	13078	15510	10834	11351	7859	5031	3425	2494	1490	1719	1958	1214	1254	1555	1310	1637
394	538.84711	12886	15443	10761	11229	7702	4977	3347	2403	1472	1714	1968	1227	1235	1579	1290	1597
395	539.40243	12552	15070	10540	11222	7722	4853	3338	2361	1457	1727	1935	1232	1250	1591	1297	1617
396	539.9578	12489	14947	10471	10999	7673	4838	3347	2395	1437	1651	1918	1228	1228	1578	1292	1609
397	540.51322	12511	14803	10480	10871	7557	4794	3271	2361	1454	1656	1928	1223	1239	1538	1275	1542
398	541.06868	12349	14719	10201	10830	7373	4799	3230	2383	1464	1639	1919	1194	1237	1601	1291	1546
399	541.62419	12145	14619	10075	10690	7361	4701	3205	2313	1443	1670	1900	1199	1235	1528	1279	1574
400	542.17975	11988	14574	9993	10598	7233	4694	3179	2305	1429	1621	1867	1213	1228	1544	1289	1580
401	542.73536	11907	14258	9913	10426	7322	4560	3128	2276	1413	1602	1868	1200	1194	1526	1286	1537
402	543.29101	11657	14058	9849	10339	7240	4537	3105	2327	1414	1586	1832	1227	1225	1507	1289	1592
403	543.84672	11691	13950	9665	10122	7007	4546	3168	2260	1399	1581	1847	1192	1201	1515	1276	1549
404	544.40246	11637	13773	9601	10206	6904	4524	3057	2222	1379	1592	1849	1184	1182	1518	1232	1529
405	544.95826	11275	13620	9568	9950	6916	4445	2957	2194	1404	1585	1808	1183	1208	1489	1231	1491
406	545.51411	11156	13577	9285	9972	6896	4449	3004	2200	1343	1579	1824	1154	1194	1497	1252	1457
407	546.07	11195	13414	9220	9833	6814	4420	3002	2162	1341	1529	1791	1167	1181	1503	1214	1499
408	546.62594	10981	13054	9168	9549	6719	4354	3007	2164	1360	1567	1772	1149	1166	1455	1241	1457
409	547.18193	10800	13112	9111	9589	6612	4272	2937	2182	1348	1558	1786	1162	1175	1440	1240	1474
410	547.73796	10843	12845	8988	9466	6595	4252	2940	2142	1339	1560	1762	1151	1156	1433	1230	1473
411	548.29405	10708	12755	8815	9446	6380	4156	2911	2117	1336	1493	1783	1150	1139	1434	1174	1483
412	548.85018	10530	12542	8767	9313	6434	4181	2841	2135	1358	1539	1698	1121	1178	1481	1227	1437
413	549.40636	10321	12338	8614	9283	6404	4119	2768	2042	1337	1458	1695	1140	1130	1405	1199	1457
414	549.96258	10331	12367	8637	9057	6334	4082	2808	2022	1314	1471	1695	1130	1124	1393	1213	1414
415	550.51886	10146	12104	8547	8980	6270	4103	2768	2049	1348	1482	1721	1122	1150	1414	1178	1427
416	551.07518	9952	12087	8412	8754	6168	4008	2729	1987	1326	1474	1662	1111	1155	1389	1180	1380
417	551.63155	9818	11869	8285	8743	6061	3988	2666	2019	1298	1479	1669	1091	1127	1409	1158	1427
418	552.18797	9782	11671	8152	8583	5968	3977	2646	2015	1307	1432	1657	1100	1116	1366	1145	1384
419	552.74443	9681	11483	8019	8547	5834	3872	2652	2029	1264	1430	1651	1091	1121	1401	1156	1394
420	553.30094	9483	11458	8007	8441	5870	3836	2658	1978	1268	1426	1614	1112	1111	1372	1163	1383
421	553.8575	9631	11293	7879	8328	5821	3761	2663	1949	1287	1431	1616	1098	1120	1360	1163	1342
422	554.41411	9178	11191	7772	8157	5687	3768	2606	1941	1245	1426	1609	1116	1088	1299	1158	1320
423	554.97077	9216	11045	7708	8062	5705	3709	2594	1902	1263	1387	1618	1086	1099	1330	1140	1337
424	555.52747	9058	10942	7584	7868	5572	3657	2555	1852	1255	1382	1572	1084	1115	1320	1123	1343
425	556.08422	8951	10800	7449	7924	5491	3619	2524	1841	1246	1390	1582	1060	1098	1316	1154	1339
426	556.64102	8905	10689	7429	7758	5544	3618	2468	1841	1224	1377	1562	1077	1100	1305	1106	1319
427	557.19786	8797	10472	7258	7602	5473	3532	2438	1861	1245	1345	1551	1090	1088	1297	1121	1329
428	557.75476	8586	10416	7230	7605	5304	3470	2443	1813	1252	1336	1582	1082	1112	1328	1140	1328
429	558.3117	8431	10217	7145	7669	5194	3457	2412	1794	1224	1388	1519	1054	1071	1314	1121	1326
430	558.86869	8316	10143	7080	7373	5264	3441	2460	1789	1209	1355	1499	1085	1080	1271	1117	1280
431	559.42572	8312	10051	6922	7299	5129	3368	2368	1788	1217	1329	1541	1064	1042	1294	1100	1290
432	559.98281	8287	9900	6910	7137	5002	3372	2376	1761	1182	1309	1517	1045	1063	1292	1082	1270
433	560.53994	8109	9741	6786	7204	4980	3340	2349	1764	1183	1318	1486	1011	1074	1249	1089	1269
434	561.09712	7993	9608	6717	7038	4957	3297	2287	1737	1173	1319	1494	1025	1075	1262	1094	1254
435	561.65435	7877	9561	6578	6864	4940	3267	2267	1718	1178	1315	1452	1038	1058	1213	1089	1253
436	562.21162	7866	9449	6672	6902	4857	3225	2199	1738	1172	1298	1444	1019	1057	1243	1074	1273
437	562.76895	7676	9316	6520	6815	4835	3143	2220	1726	1164	1277	1427	996	1029	1225	1057	1241
438	563.32632	7621	9077	6458	6646	4756	3114	2195	1683	1145	1287	1431	1016	1053	1228	1082	1229
439	563.88373	7386	8954	6277	6770	4672	3082	2176	1675	1141	1259	1423	1040	1019	1232	1075	1189
440	564.4412	7400	8885	6186	6472	4511	3078	2189	1654	1124	1239	1403	1010	1026	1237	1080	1223
441	564.99871	7222	8819	6144	6447	4515	3034	2166	1681	1125	1252	1372	1011	1019	1200	1044	1219
442	565.55627	7099	8667	6099	6284	4455	2968	2163	1620	1135	1259	1420	1003	1027	1200	1052	1192
443	566.11388	7168	8536	5927	6259	4469	2956	2112	1605	1144	1243	1380	990	1003	1190	1043	1199
444	566.67154	6970	8360	5921	6084	4274	2904	2090	1607	1117	1249	1382	1007	990	1169	1038	1198
445	567.22924	6927	8347	5798	6086	4373	2882	2041	1617	1111	1206	1391	996	991	1169	1040	1183
446	567.787	6775	8215	5688	5997	4268	2896	2053	1557	1137	1187	1346	995	999	1195	1020	1187
447	568.34479	6709	8084	5632	5895	4213	2840	2031	1576	1098	1218	1345	1000	1006	1138	1019	1173
448	568.90264	6614	7914	5508	5754	4165	2829	1994	1576	1101	1200	1357	992	974	1147	1039	1187
449	569.46054	6567	7898	5512	5707	4128	2803	1995	1560	1078	1186	1358	978	993	1138	1010	1173
450	570.01848	6417	7795	5393	5679	4053	2768	2009	1550	1095	1207	1313	1005	984	1147	1003	1170
451	570.57647	6297	7826	5382	5576	4050	2710	1948	1480	1101	1169	1316	970	984	1178	1016	1133
452	571.13451	6256	7665	5281	5704	3955	2715	1856	1505	1068	1186	1298	960	977	1125	1024	1135
453	571.69259	6309	7415	5213	5450	3896	2699	1919	1506	1070	1172	1316	954	995	1118	1003	1119
454	572.25072	6009	7436	5154	5399	3885	2643	1887	1511	1073	1160	1291	978	979	1103	990	1119
455	572.80891	6163	7236	4985	5385	3818	2585	1881	1471	1064	1162	1279	964	969	1106	980	1116
456	573.36713	5996	7239	5093	5167	3746	2573	1860	1452	1050	1168	1265	952	969	1129	984	1118
457	573.92541	5915	7139	4973	5224	3707	2563	1882	1457	1055	1138	1262	955	941	1095	997	1138
458	574.48373	5833	6950	4914	5194	3682	2476	1820	1435	1059	1117	1255	956	955	1084	991	1114
459	575.0421	5715	6998	4881	5077	3604	2509	1806	1431	1076	1127	1248	946	962	1099	980	1122
460	575.60052	5676	6832	4764	5053	3545	2432	1795	1440	1045	1123	1239	947	921	1079	990	1094
461	576.15899	5585	6825	4734	4945	3511	2393	1788	1397	1045	1135	1246	933	958	1054	984	1074
462	576.7175	5466	6609	4695	4888	3514	2378	1719	1383	1046	1092	1223	950	955	1070	988	1098
463	577.27607	5419	6552	4631	4821	3446	2370	1763	1413	1040	1116	1229	919	964	1057	990	1089
464	577.83468	5418	6567	4585	4742	3392	2363	1719	1374	1029	1111	1259	935	939	1070	961	1094
465	578.39333	5356	6411	4451	4755	3399	2321	1699	1363	1008	1073	1211	948	943	1049	937	1060
466	578.95204	5224	6254	4499	4610	3314	2348	1700	1343	1003	1079	1217	928	941	1052	947	1058
467	579.51079	5166	6222	4281	4546	3302	2299	1677	1355	1016	1098	1201	930	937	1045	958	1069
468	580.06959	5041	6109	4305	4446	3291	2291	1694	1323	998	1095	1212	931	935	1050	945	1045
469	580.62844	4959	6042	4263	4397	3182	2220	1642	1307	1000	1061	1202	925	943	1051	934	1041
470	581.18733	4937	5980	4222	4400	3190	2217	1680	1338	1011	1071	1163	936	902	1048	938	1048
471	581.74628	4931	5966	4163	4309	3081	2196	1637	1310	999	1065	1165	910	920	1039	937	1058
472	582.30527	4817	5857	4123	4352	3112	2219	1607	1324	1012	1052	1128	930	926	1020	937	1031
473	582.86431	4742	5779	4042	4222	3047	2142	1616	1313	982	1058	1154	912	917	1031	930	1050
474	583.42339	4658	5687	3953	4168	3056	2109	1568	1287	995	1055	1151	915	925	996	934	1037
475	583.98253	4603	5468	3859	4151	3009	2091	1556	1287	979	1068	1162	914	900	1026	937	1002
476	584.54171	4578	5461	3842	4038	2955	2063	1562	1283	981	1075	1151	907	910	991	923	1027
477	585.10094	4579	5381	3843	3967	2941	2049	1559	1247	971	1045	1148	891	885	1001	928	1009
478	585.66022	4466	5333	3704	3981	2886	2042	1537	1255	969	1037	1123	900	907	1020	921	1015
479	586.21954	4378	5334	3708	3843	2804	1991	1528	1250	970	1036	1128	919	898	999	921	999
480	586.77891	4366	5211	3679	3821	2811	1965	1491	1245	949	1051	1121	900	895	1005	899	977
481	587.33833	4260	5150	3681	3774	2767	1942	1494	1214	955	1039	1104	903	899	976	919	1008
482	587.8978	4137	5022	3536	3740	2781	1946	1468	1227	967	1014	1073	894	885	998	917	994
483	588.45732	4182	4974	3562	3685	2701	1952	1491	1206	936	1011	1087	886	891	998	905	1016
484	589.01688	4087	4907	3514	3649	2685	1953	1463	1192	951	993	1085	896	893	978	927	979
485	589.57649	4018	4805	3487	3504	2643	1883	1456	1180	948	998	1088	879	878	963	915	985
486	590.13615	4105	4844	3411	3523	2608	1899	1455	1190	945	1007	1071	871	880	976	906	990
487	590.69585	3903	4680	3305	3463	2628	1861	1450	1181	927	991	1064	883	887	961	895	983
488	591.25561	3799	4665	3345	3478	2512	1849	1430	1198	926	976	1067	871	883	950	905	965
489	591.81541	3769	4587	3217	3403	2568	1798	1400	1188	939	1016	1067	868	873	979	897	975
490	592.37526	3793	4481	3214	3341	2493	1799	1389	1166	926	983	1082	867	879	979	897	954
491	592.93515	3628	4523	3164	3212	2495	1786	1358	1151	933	982	1037	885	899	963	878	944
492	593.4951	3693	4403	3126	3273	2347	1750	1381	1141	929	984	1054	877	855	952	888	957
493	594.05509	3606	4355	3083	3186	2406	1760	1357	1165	900	953	1045	865	873	966	895	943
494	594.61513	3627	4344	3115	3135	2319	1750	1357	1145	902	974	1029	876	874	960	866	962
495	595.17522	3544	4246	3040	3130	2417	1761	1325	1134	927	963	1031	871	861	928	883	957
496	595.73535	3425	4204	2958	3111	2311	1712	1347	1099	921	964	1028	863	872	957	876	956
497	596.29553	3417	4127	2875	3052	2287	1679	1326	1114	911	973	1035	855	862	929	874	935
498	596.85576	3418	4025	2871	3084	2299	1664	1316	1117	920	977	1017	871	865	933	858	921
499	597.41604	3340	4067	2844	2969	2222	1607	1289	1070	907	964	1015	870	871	932	879	953
500	597.97637	3319	3966	2767	2933	2193	1624	1297	1080	896	962	995	857	846	934	865	955
501	598.53674	3282	3839	2751	2895	2177	1623	1287	1125	895	933	995	859	861	931	875	907
502	599.09716	3217	3837	2719	2913	2170	1611	1269	1078	874	940	987	839	870	914	846	915
503	599.65763	3133	3799	2722	2756	2144	1586	1276	1094	884	944	1002	853	840	910	873	930
504	600.21815	3117	3768	2694	2794	2083	1569	1253	1069	884	930	991	843	851	914	856	923
505	600.77871	3082	3671	2703	2721	2076	1553	1255	1099	891	916	982	849	842	903	847	897
506	601.33932	3009	3591	2597	2730	2021	1512	1201	1083	897	932	990	853	856	912	849	931
507	601.89998	3008	3569	2585	2661	2024	1478	1251	1061	891	918	982	842	847	901	853	903
508	602.46069	2908	3542	2580	2619	2069	1522	1226	1042	874	919	970	839	845	913	860	918
509	603.02144	2871	3457	2530	2659	1974	1497	1217	1048	857	925	979	853	846	887	843	897
510	603.58225	2858	3415	2473	2579	1947	1515	1215	1041	867	914	974	833	834	890	841	892
511	604.1431	2819	3319	2460	2547	1930	1461	1167	1027	869	902	965	827	832	895	859	890
512	604.70399	2783	3353	2400	2526	1891	1434	1183	1043	863	915	959	835	842	895	841	895
513	605.26494	2725	3304	2422	2414	1917	1477	1180	1026	870	890	983	849	832	884	834	906
514	605.82593	2672	3239	2328	2418	1874	1408	1178	1009	861	908	955	831	838	886	849	881
515	606.38697	2740	3155	2385	2366	1824	1452	1148	1025	859	895	947	831	822	877	834	883
516	606.94806	2627	3111	2314	2363	1843	1410	1161	999	869	884	938	819	831	889	835	888
517	607.5092	2553	3147	2304	2339	1802	1399	1149	987	867	889	944	824	825	883	835	898
518	608.07038	2585	3055	2223	2275	1820	1375	1156	1019	852	907	945	821	819	882	833	873
519	608.63161	2594	3015	2258	2309	1764	1364	1150	1011	867	913	948	822	829	873	832	883
520	609.19289	2557	2967	2184	2284	1778	1339	1112	996	863	875	942	817	822	879	837	877
521	609.75422	2489	2943	2171	2210	1724	1351	1150	979	866	893	944	820	820	877	831	874
522	610.31559	2450	2886	2123	2207	1713	1308	1124	995	861	887	939	823	834	851	834	874
523	610.87701	2367	2895	2100	2181	1709	1343	1109	976	870	891	931	819	816	885	834	880
524	611.43848	2352	2813	2110	2139	1666	1334	1086	1007	859	874	927	833	809	879	847	881
525	612	2322	2744	2035	2124	1668	1334	1094	969	863	887	940	821	823	871	824	868
526	612.56156	2256	2708	2053	2091	1635	1363	1092	974	840	877	919	824	815	862	838	864
527	613.12318	2311	2708	1932	2022	1605	1296	1067	969	847	874	912	817	822	849	823	868
528	613.68484	2279	2658	1996	2019	1574	1268	1072	972	832	867	907	808	812	848	823	850
529	614.24655	2208	2690	1931	2006	1626	1282	1059	954	850	863	887	825	821	859	833	882
530	614.8083	2231	2611	1888	2014	1623	1264	1050	968	841	860	906	804	813	853	820	845
531	615.3701	2204	2566	1940	1996	1581	1253	1075	947	846	866	917	819	817	860	816	859
532	615.93196	2137	2571	1930	2002	1552	1225	1059	954	838	860	884	807	815	861	815	860
533	616.49385	2108	2464	1873	1917	1562	1234	1049	940	834	847	886	810	792	843	819	868
534	617.0558	2083	2510	1855	1888	1558	1228	1065	937	839	850	897	807	805	851	824	859
535	617.61779	2023	2476	1822	1913	1497	1200	1011	939	833	865	874	816	810	846	819	856
536	618.17984	2011	2391	1781	1846	1457	1196	1040	935	823	855	882	798	817	844	809	840
537	618.74192	2043	2414	1807	1823	1463	1199	1014	941	845	848	880	804	800	851	813	843
538	619.30406	2025	2395	1780	1848	1446	1191	1005	912	833	852	871	794	803	844	816	843
539	619.86625	1989	2302	1743	1859	1493	1193	1015	930	843	845	876	816	794	837	816	834
540	620.42848	1936	2302	1756	1816	1406	1151	1003	914	811	837	875	809	800	839	811	847
541	620.99076	1959	2282	1726	1754	1453	1167	1010	909	824	831	878	810	804	829	810	854
542	621.55309	1946	2221	1712	1758	1463	1139	999	908	822	847	885	803	793	834	816	831
543	622.11546	1882	2195	1714	1748	1430	1169	1001	937	820	855	873	794	804	834	806	827
544	622.67788	1863	2198	1724	1719	1387	1145	993	915	817	829	880	800	795	818	799	835
545	623.24035	1838	2204	1655	1676	1397	1157	990	894	820	839	870	809	791	827	808	837
546	623.80287	1827	2171	1620	1693	1383	1126	989	904	810	833	862	803	790	819	811	825
547	624.36544	1847	2146	1660	1676	1357	1115	986	890	816	829	859	803	799	837	797	827
548	624.92805	1843	2125	1648	1644	1351	1136	994	888	817	825	847	796	808	840	796	819
549	625.49071	1764	2089	1578	1604	1361	1105	966	897	819	818	864	793	786	826	811	822
550	626.05342	1750	2057	1588	1606	1339	1073	973	896	804	833	858	799	769	826	791	828
551	626.61618	1738	2020	1571	1579	1321	1094	958	895	811	815	863	801	786	829	806	825
552	627.17898	1730	2062	1563	1606	1338	1069	985	897	813	819	849	800	788	824	799	831
553	627.74184	1696	2023	1537	1601	1325	1092	958	888	816	832	859	795	789	823	803	829
554	628.30473	1690	1963	1542	1572	1310	1085	976	865	804	828	846	799	791	820	797	821
555	628.86768	1674	1924	1523	1545	1299	1084	962	883	817	839	866	793	787	814	793	820
556	629.43068	1666	1947	1492	1511	1267	1071	950	876	805	825	842	802	783	824	789	827
557	629.99372	1641	1934	1497	1529	1271	1062	933	891	806	832	852	795	790	812	799	826
558	630.55681	1659	1905	1479	1515	1255	1050	959	873	813	828	862	791	798	823	798	827
559	631.11995	1632	1927	1460	1510	1259	1062	947	883	803	816	843	794	786	831	803	822
560	631.68313	1600	1839	1460	1508	1213	1059	945	871	816	830	851	787	787	831	794	824
561	632.24637	1604	1863	1404	1457	1228	1015	922	886	796	805	850	798	794	820	788	814
562	632.80965	1563	1848	1424	1475	1233	1020	946	869	795	807	831	785	791	811	789	808
563	633.37298	1583	1788	1420	1444	1210	1047	945	858	801	817	825	795	788	806	793	827
564	633.93635	1623	1836	1428	1478	1192	1005	941	853	802	818	834	790	792	814	787	816
565	634.49978	1544	1799	1396	1406	1230	1044	934	859	795	808	823	796	789	808	791	805
566	635.06325	1566	1755	1395	1419	1187	1019	927	866	801	805	830	786	772	809	780	814
567	635.62677	1523	1749	1364	1401	1218	1041	927	848	783	828	833	794	785	810	786	808
568	636.19033	1522	1727	1396	1422	1203	1010	908	866	792	813	831	792	782	800	790	797
569	636.75395	1485	1729	1355	1392	1150	1008	907	859	788	805	824	783	789	807	782	807
570	637.31761	1484	1729	1379	1397	1198	1006	907	855	802	816	839	787	773	795	790	811
571	637.88132	1458	1696	1366	1354	1157	1007	907	851	783	817	828	787	789	802	786	817
572	638.44508	1426	1665	1327	1361	1192	999	902	865	797	808	832	785	798	797	789	810
573	639.00888	1409	1663	1309	1328	1172	988	895	855	793	802	834	788	776	800	777	805
574	639.57274	1467	1625	1338	1332	1159	991	895	848	801	796	837	778	776	805	782	788
575	640.13664	1451	1665	1314	1314	1166	975	894	837	799	802	838	785	772	811	794	796
576	640.70058	1430	1663	1290	1314	1116	989	916	838	801	797	821	780	774	799	781	807
577	641.26458	1423	1599	1316	1330	1117	988	891	842	797	795	819	780	772	789	794	805
578	641.82862	1406	1641	1279	1309	1140	985	895	836	785	804	813	779	774	811	787	810
579	642.39271	1417	1583	1291	1285	1120	973	887	842	794	808	823	789	771	788	797	805
580	642.95685	1371	1586	1248	1298	1107	974	911	831	782	792	816	775	776	802	782	794
581	643.52104	1356	1586	1235	1260	1118	976	886	836	795	796	825	771	777	796	776	804
582	644.08527	1370	1561	1281	1243	1097	957	893	834	784	803	823	785	782	798	789	803
583	644.64956	1350	1559	1240	1253	1101	950	893	833	778	788	819	789	778	791	787	804
584	645.21389	1367	1542	1226	1256	1081	972	870	837	797	805	804	785	771	785	777	797
585	645.77826	1330	1503	1227	1262	1092	935	894	839	869	793	817	775	775	794	772	802
586	646.34269	1316	1492	1228	1219	1075	944	876	851	1388	806	823	777	773	792	776	798
587	646.90716	1311	1489	1210	1227	1087	955	866	846	1622	797	825	793	771	778	783	788
588	647.47168	1311	1494	1222	1234	1084	948	880	823	1258	807	812	776	769	785	774	796
589	648.03625	1271	1483	1206	1222	1075	952	874	843	903	793	817	786	771	783	771	802
590	648.60086	1315	1457	1233	1219	1074	931	859	810	6379	792	807	774	772	790	779	794
591	649.16553	1309	1511	1195	1218	1055	952	874	821	6218	797	815	777	775	787	782	791
592	649.73024	1279	1448	1186	1202	1053	913	886	833	939	800	819	775	767	794	776	789
593	650.295	1271	1443	1195	1201	1043	940	862	837	782	786	817	776	771	794	775	790
594	650.8598	1270	1425	1163	1194	1087	926	861	830	788	790	801	773	765	795	771	786
595	651.42466	1247	1466	1155	1186	1049	928	858	818	780	779	811	772	776	796	783	796
596	651.98956	1247	1449	1161	1191	1010	918	860	830	786	790	807	767	764	794	784	796
597	652.55451	1255	1388	1160	1160	1038	921	851	842	780	793	801	782	781	788	773	782
598	653.1195	1253	1422	1122	1169	1030	912	856	828	780	800	805	771	778	790	777	789
599	653.68455	1231	1389	1149	1170	1042	924	864	820	777	802	821	780	768	775	777	794
600	654.24964	1229	1369	1130	1174	1003	930	849	822	776	788	814	776	767	779	769	776
601	654.81478	1215	1393	1131	1175	1000	920	847	814	776	780	801	766	770	774	769	780
602	655.37997	1192	1387	1139	1166	1012	892	841	822	779	782	808	777	766	775	773	786
603	655.9452	1192	1351	1109	1131	994	900	849	826	784	795	800	773	767	780	775	787
604	656.51049	1197	1335	1130	1141	1009	905	850	811	782	796	803	767	769	782	767	783
605	657.07582	1179	1306	1121	1116	999	902	850	813	778	789	805	773	771	784	774	780
606	657.64119	1201	1309	1116	1126	1015	922	852	823	770	793	800	769	767	785	775	791
607	658.20662	1183	1315	1126	1115	1025	911	851	820	779	779	804	770	768	787	773	783
608	658.77209	1188	1296	1111	1115	1024	889	856	815	780	783	801	770	766	775	763	783
609	659.33761	1173	1299	1086	1103	982	899	833	812	773	796	792	771	765	790	772	777
610	659.90318	1134	1289	1104	1105	992	888	838	807	775	787	800	775	780	784	779	794
611	660.4688	1151	1287	1085	1102	976	891	839	826	769	776	795	772	763	778	769	794
612	661.03446	1169	1290	1057	1096	984	872	836	807	775	777	799	775	779	775	770	783
613	661.60018	1162	1235	1070	1113	961	895	842	807	781	784	796	770	769	795	769	787
614	662.16594	1153	1263	1069	1087	963	872	831	801	766	781	792	767	765	786	767	781
615	662.73174	1144	1259	1065	1091	948	890	839	802	780	784	804	757	769	791	767	786
616	663.2976	1135	1274	1091	1048	993	868	832	802	770	782	798	773	766	784	770	783
617	663.8635	1127	1256	1049	1088	966	881	833	801	771	767	799	767	763	782	767	780
618	664.42945	1139	1246	1052	1060	970	869	823	803	767	777	788	770	767	781	770	779
619	664.99545	1111	1241	1051	1062	950	874	826	812	774	776	786	763	755	780	768	780
620	665.56149	1119	1201	1052	1031	962	885	819	807	773	773	789	762	766	773	766	778
621	666.12759	1101	1227	1035	1043	941	867	823	805	774	789	783	775	767	787	766	773
622	666.69373	1121	1221	1042	1047	931	877	820	821	768	779	792	762	767	783	770	772
623	667.25992	1093	1202	1048	1049	959	871	832	823	779	786	790	769	766	776	777	782
624	667.82615	1097	1160	1028	1035	932	865	824	804	770	764	783	765	768	772	780	782
625	668.39244	1091	1189	1017	1039	941	856	835	800	771	776	784	774	769	774	773	776
626	668.95877	1076	1193	1053	1043	949	877	817	801	764	774	783	767	766	779	759	771
627	669.52515	1064	1171	1027	1035	940	854	823	791	764	776	783	764	765	778	767	771
628	670.09157	1067	1177	1031	1003	942	856	815	807	767	785	782	771	756	775	770	773
629	670.65805	1045	1187	1016	999	906	866	818	792	768	785	787	769	767	769	767	777
630	671.22457	1084	1176	1003	1025	908	851	816	787	775	780	777	777	761	771	768	779
631	671.79114	1061	1154	994	991	932	870	819	793	761	777	779	770	769	777	763	770
632	672.35776	1052	1159	998	1014	919	847	819	774	769	778	787	764	763	776	765	775
633	672.92442	1057	1158	984	1013	929	867	820	799	776	770	771	762	763	791	767	774
634	673.49113	1036	1147	990	982	912	834	821	792	763	767	770	766	766	775	766	773
635	674.05789	1012	1140	1016	989	920	863	816	797	767	773	779	762	772	767	764	765
636	674.6247	1050	1141	984	984	903	854	806	791	769	770	788	767	768	775	759	761
637	675.19156	1006	1092	986	990	895	857	811	793	770	778	776	764	762	776	767	774
638	675.75846	996	1128	985	984	918	843	815	786	770	771	780	760	758	773	767	772
639	676.32541	1008	1101	973	988	892	841	811	792	767	779	775	758	765	767	769	789
640	676.89241	1024	1119	952	964	908	833	814	795	771	774	782	767	757	775	760	782
641	677.45946	1006	1101	966	959	895	842	806	787	767	765	783	761	753	771	764	773
642	678.02655	1026	1086	965	970	903	839	803	787	777	766	782	764	765	771	764	773
643	678.59369	1019	1093	971	972	900	844	812	786	761	774	778	765	763	779	763	767
644	679.16088	996	1069	948	961	897	842	816	794	770	770	784	764	761	763	761	774
645	679.72812	1018	1076	950	965	901	832	800	793	770	764	773	760	762	770	768	773
646	680.29541	983	1086	940	937	890	836	800	785	765	767	775	769	760	775	768	772
647	680.86274	1016	1074	963	952	873	836	795	794	769	766	780	766	768	766	755	768
648	681.43012	995	1079	947	951	888	840	799	777	766	765	776	759	757	769	768	760
649	681.99755	989	1075	946	955	876	830	800	786	766	756	769	768	758	765	762	772
650	682.56502	991	1045	933	957	879	845	801	790	768	774	772	757	764	773	762	773
651	683.13254	974	1051	938	934	880	833	803	778	765	779	768	771	767	763	764	758
652	683.70012	962	1050	951	956	892	833	793	783	765	778	770	764	765	769	758	767
653	684.26773	963	1045	926	939	887	826	797	783	767	761	771	762	769	774	752	765
654	684.8354	958	1064	936	936	887	832	788	779	773	774	766	766	767	769	773	760
655	685.40311	982	1056	924	927	882	826	794	794	765	767	783	753	755	771	758	766
656	685.97087	967	1040	920	943	884	827	799	784	758	769	784	767	758	762	763	769
657	686.53868	955	1027	923	923	869	829	800	777	772	765	770	757	754	759	762	774
658	687.10654	943	1033	938	934	865	827	791	784	775	763	780	760	768	767	758	776
659	687.67445	959	1006	929	929	861	833	791	775	768	766	773	760	769	770	775	770
660	688.2424	937	1021	899	933	871	821	793	781	763	767	777	765	764	767	760	755
661	688.8104	946	1015	903	926	882	825	787	783	757	762	771	762	763	762	761	763
662	689.37844	953	1019	908	922	882	822	799	773	762	764	772	761	763	766	767	760
663	689.94654	946	1031	921	950	868	825	795	779	769	767	770	761	759	772	756	767
664	690.51468	945	1004	916	906	854	818	801	786	754	767	767	751	762	761	764	761
665	691.08287	923	1001	911	914	856	812	799	783	767	768	777	755	758	769	761	758
666	691.65111	935	1014	895	910	857	810	777	777	760	770	769	769	764	772	767	768
667	692.2194	923	972	921	900	848	809	794	771	766	770	766	761	759	761	761	775
668	692.78773	957	986	886	904	851	810	805	776	764	767	773	759	760	767	751	761
669	693.35611	952	981	914	917	855	814	800	781	765	759	765	762	762	758	754	763
670	693.92454	931	988	897	893	834	818	795	780	762	769	768	752	763	760	761	764
671	694.49302	917	992	913	885	853	805	791	785	766	760	780	764	756	772	759	758
672	695.06154	933	971	903	890	839	826	792	776	768	758	772	764	759	774	764	764
673	695.63011	920	983	901	896	852	811	793	775	761	758	761	762	763	763	761	771
674	696.19873	919	987	900	893	856	817	787	775	759	770	768	758	762	764	758	768
675	696.7674	926	963	886	875	846	816	784	773	765	771	758	765	762	765	759	767
676	697.33611	936	958	910	916	846	819	786	771	770	771	768	767	766	760	766	758
677	697.90488	925	978	884	899	850	806	780	771	762	760	768	758	757	758	754	773
678	698.47369	899	961	879	885	849	811	781	772	757	769	773	755	760	767	764	763
679	699.04254	908	958	882	886	842	800	796	784	763	763	765	763	779	761	758	755
680	699.61145	906	958	881	886	853	803	785	778	752	764	767	757	750	763	753	761
681	700.1804	884	968	891	874	838	796	793	774	764	755	778	765	753	760	757	769
682	700.7494	895	965	886	890	842	799	780	774	757	766	775	761	763	762	756	768
683	701.31845	903	956	875	888	833	798	773	774	764	760	770	764	757	766	759	756
684	701.88755	875	959	871	881	839	800	781	767	755	753	767	760	755	763	758	769
685	702.45669	904	936	876	866	841	791	794	770	760	762	769	755	757	765	760	763
686	703.02588	903	945	876	879	835	800	783	775	760	761	763	760	748	757	753	758
687	703.59512	900	935	870	866	821	806	791	777	753	764	768	763	757	757	759	763
688	704.16441	913	924	851	874	835	794	784	781	766	769	763	754	765	758	765	761
689	704.73374	880	946	865	873	836	801	779	771	762	765	769	753	763	768	752	769
690	705.30312	900	952	875	872	840	799	791	768	759	763	766	760	752	765	756	765
691	705.87255	895	945	876	878	838	799	798	795	767	767	775	766	769	772	769	767
692	706.44203	886	928	859	862	821	809	789	768	753	753	771	755	760	762	763	762
693	707.01156	884	947	857	866	835	810	776	769	763	767	767	763	759	767	758	763
694	707.58113	902	957	875	885	855	812	800	800	773	779	780	770	781	774	776	778
695	708.15075	917	941	853	858	818	789	794	787	756	754	770	765	756	774	755	763
696	708.72042	891	920	862	860	834	796	785	769	761	766	763	752	749	764	757	766
697	709.29013	873	917	845	869	829	795	773	780	759	760	767	759	753	768	761	759
698	709.8599	881	919	856	858	830	803	773	779	755	762	760	754	754	757	760	756
699	710.42971	887	937	855	862	821	802	785	779	761	769	770	761	764	758	760	760
700	710.99957	879	924	853	855	824	804	793	765	758	755	767	752	757	763	757	759
701	711.56947	865	915	863	863	828	808	778	770	760	760	766	751	758	758	752	755
702	712.13943	884	929	852	856	834	802	785	766	759	758	764	755	752	763	762	764
703	712.70943	874	912	881	850	831	801	780	779	760	776	775	760	765	759	767	769
704	713.27948	866	911	853	861	825	784	783	778	762	759	759	757	757	767	766	771
705	713.84957	878	898	856	848	815	788	778	775	762	763	767	749	755	768	755	748
706	714.41972	869	893	837	846	817	795	775	769	769	761	754	757	760	761	756	766
707	714.98991	848	915	858	849	825	796	776	770	761	758	762	759	762	763	755	761
708	715.56015	865	899	867	842	820	788	770	766	760	764	771	761	762	765	755	765
709	716.13044	863	902	851	849	821	803	765	768	754	767	767	756	756	767	753	761
710	716.70078	853	896	831	848	822	781	770	769	762	763	767	760	750	758	749	759
711	717.27116	863	897	833	838	818	795	769	763	760	760	753	756	748	758	747	756
712	717.84159	857	900	836	846	810	788	773	775	763	763	758	761	755	755	759	762
713	718.41207	863	888	827	838	820	780	777	769	755	748	762	752	750	759	753	755
714	718.98259	867	897	844	846	806	790	778	759	756	755	760	757	753	759	761	757
715	719.55317	876	893	849	844	806	791	774	762	747	754	757	761	752	759	767	757
716	720.12379	855	879	836	855	818	784	768	770	758	757	763	754	753	757	755	758
717	720.69446	846	900	843	839	814	774	766	766	753	759	757	753	758	756	748	761
718	721.26517	845	886	838	843	806	779	775	765	760	761	760	759	755	762	757	760
719	721.83594	863	912	847	836	818	770	768	767	760	762	760	766	750	764	760	764
720	722.40675	850	882	835	841	803	793	771	767	752	762	759	759	752	752	754	756
721	722.97761	846	882	822	834	813	786	774	765	766	763	763	747	744	756	752	752
722	723.54852	856	877	837	842	806	781	767	760	754	755	752	750	748	754	754	756
723	724.11947	847	892	832	828	812	790	773	757	762	755	763	758	764	754	755	761
724	724.69048	864	878	830	827	812	773	772	767	759	750	752	754	751	755	753	753
725	725.26153	856	870	835	828	801	788	767	759	756	755	751	747	750	752	747	756
726	725.83262	842	873	828	835	795	784	768	762	756	765	772	752	749	755	762	756
727	726.40377	839	868	832	840	817	769	773	768	757	757	758	749	749	757	750	758
728	726.97496	832	873	827	834	804	779	776	760	760	751	755	757	756	761	753	759
729	727.5462	846	859	842	831	811	774	767	756	751	761	755	748	747	748	750	756
730	728.11749	851	871	833	831	803	784	765	761	755	753	763	757	756	761	753	759
731	728.68883	831	872	832	826	806	775	778	766	755	758	762	754	755	754	765	761
732	729.26021	850	858	810	819	802	788	772	758	756	756	754	753	760	753	754	760
733	729.83164	837	860	818	819	806	779	779	752	754	759	756	757	753	758	758	761
734	730.40312	838	863	821	824	803	771	770	761	755	752	762	756	749	750	762	757
735	730.97465	840	868	824	833	796	781	769	763	758	753	759	757	756	759	757	752
736	731.54623	831	856	822	824	800	778	767	758	755	754	757	753	755	747	754	751
737	732.11785	836	856	805	822	806	774	772	767	751	759	767	752	757	752	761	757
738	732.68952	837	874	820	825	797	774	760	748	756	754	769	758	758	756	747	757
739	733.26124	834	864	820	828	795	774	761	753	759	761	763	746	748	750	751	763
740	733.833	833	845	815	821	803	769	762	752	754	748	757	754	758	751	746	757
741	734.40481	838	862	806	821	788	783	769	768	751	755	753	754	750	753	736	751
742	734.97667	828	850	808	832	789	775	765	760	744	760	759	757	749	757	763	749
743	735.54858	831	865	814	828	802	780	769	766	757	758	760	751	760	749	755	758
744	736.12054	832	869	823	819	787	772	767	754	747	757	755	762	749	750	755	761
745	736.69254	821	850	806	805	803	767	767	761	753	753	761	755	756	765	758	746
746	737.26459	828	842	811	822	797	778	770	760	755	753	754	753	755	754	754	758
747	737.83669	829	862	819	820	786	772	768	759	752	753	748	755	750	746	753	763
748	738.40884	828	847	810	820	798	771	753	760	761	752	752	759	746	752	752	763
749	738.98103	835	842	823	820	800	769	759	767	751	751	758	749	753	751	748	747
750	739.55328	821	837	811	819	798	777	774	758	752	753	749	753	752	760	757	747
751	740.12556	801	831	812	799	786	777	765	761	757	756	762	752	754	749	752	752
752	740.6979	821	839	807	808	788	765	764	768	750	765	751	749	755	748	752	751
753	741.27029	818	847	814	814	800	772	767	757	750	752	750	756	751	753	755	753
754	741.84272	818	848	813	813	788	778	755	756	760	750	757	749	752	751	755	749
755	742.4152	820	831	812	818	788	776	766	759	753	755	756	759	752	753	747	759
756	742.98773	822	838	804	814	785	775	765	758	755	746	762	747	752	747	756	751
757	743.5603	821	835	806	800	792	765	764	750	756	753	747	749	743	759	747	760
758	744.13293	811	837	797	818	789	778	764	766	752	753	746	751	748	747	754	760
759	744.7056	824	834	806	810	795	766	760	755	754	759	752	750	759	748	756	758
760	745.27832	816	829	811	809	788	761	753	760	756	747	754	756	746	747	755	760
761	745.85108	821	821	816	809	786	761	759	758	760	750	750	747	754	748	752	754
762	746.4239	812	841	806	805	785	782	761	747	752	745	762	750	747	755	748	747
763	746.99676	813	824	802	808	791	768	765	761	749	754	754	751	753	752	754	759
764	747.56967	813	828	795	804	775	766	762	763	755	755	760	749	749	753	742	754
765	748.14262	819	839	809	810	782	767	758	753	747	751	760	748	747	752	755	752
766	748.71563	811	834	802	806	788	767	768	759	750	752	757	759	755	758	752	755
767	749.28868	816	819	807	801	788	768	762	748	752	749	757	743	755	760	749	753
768	749.86178	810	828	808	806	783	770	768	749	754	763	757	752	751	763	749	754
769	750.43493	800	818	795	815	790	763	762	754	753	756	758	752	745	744	748	750
770	751.00812	799	832	814	798	775	771	764	758	745	754	752	747	749	753	749	745
771	751.58137	792	829	792	808	777	767	759	755	754	756	762	752	747	748	743	754
772	752.15466	815	834	794	789	783	765	762	765	758	748	754	751	747	757	755	756
773	752.728	807	834	814	805	778	772	763	755	755	759	757	749	754	749	758	764
774	753.30138	810	824	796	799	784	769	757	765	757	748	747	753	750	745	761	760
775	753.87482	802	831	795	798	783	775	759	760	753	757	754	754	754	755	747	751
776	754.4483	807	813	789	790	772	765	753	754	748	753	759	753	748	750	748	749
777	755.02183	794	828	784	808	781	771	757	761	746	756	753	751	751	753	752	753
778	755.5954	802	824	787	798	781	767	758	750	745	750	756	754	750	749	753	749
779	756.16903	805	818	786	805	781	768	757	757	748	751	747	749	746	754	745	751
780	756.7427	795	822	800	799	767	767	762	751	755	747	756	747	749	749	744	751
781	757.31642	814	822	805	800	767	763	756	758	745	749	753	744	749	751	754	756
782	757.89019	801	810	799	788	771	767	761	755	749	754	746	751	753	745	748	750
783	758.464	807	815	787	786	769	761	757	752	752	752	750	744	755	742	745	751
784	759.03786	805	823	797	802	785	768	765	749	750	744	757	753	751	759	744	745
785	759.61177	804	810	782	796	772	764	760	756	755	749	761	752	751	748	745	754
786	760.18573	803	822	791	800	775	767	763	753	746	749	749	743	751	746	745	747
787	760.75974	794	824	779	790	779	759	759	757	744	748	756	747	752	756	755	747
788	761.33379	787	829	795	796	771	768	755	755	749	748	752	741	752	753	753	746
789	761.90789	806	824	790	789	773	771	759	750	753	747	750	750	748	748	753	751
790	762.48204	807	823	782	789	779	762	764	752	748	749	748	745	752	749	752	755
791	763.05624	804	820	795	788	770	768	748	756	754	742	755	748	755	755	755	751
792	763.63048	797	806	786	783	770	761	749	745	753	749	752	750	744	750	751	754
793	764.20477	797	810	783	795	774	759	762	752	751	745	752	747	750	747	746	753
794	764.77911	803	806	791	784	775	760	757	747	746	747	744	744	751	747	751	748
795	765.3535	799	802	788	801	779	765	750	749	742	750	754	754	743	752	753	750
796	765.92793	802	812	787	788	772	765	756	758	749	751	758	746	753	754	744	754
797	766.50242	792	811	787	775	775	764	762	750	752	746	749	747	747	749	746	747
798	767.07695	791	819	789	797	772	766	764	750	747	748	754	748	751	741	752	753
799	767.65152	793	812	784	786	760	771	758	752	752	753	746	754	751	747	755	755
800	768.22615	801	803	783	787	774	764	766	749	742	745	756	750	742	747	752	752
801	768.80082	800	800	791	791	777	763	758	748	751	749	748	749	747	746	740	743
802	769.37554	801	812	791	790	772	767	755	758	752	750	748	743	747	752	751	751
803	769.95031	797	810	784	782	763	764	756	755	749	751	753	754	749	762	755	753
804	770.52513	795	816	794	795	782	766	761	750	745	754	748	749	749	747	755	745
805	771.09999	788	799	780	780	778	757	753	748	748	746	749	746	746	752	750	756
806	771.6749	798	799	797	795	776	763	752	755	750	754	746	752	746	757	745	745
807	772.24986	802	810	780	779	773	749	758	764	747	748	760	750	747	752	755	757
808	772.82487	796	810	802	786	765	763	759	747	753	752	759	748	744	748	750	746
809	773.39992	784	792	774	771	765	758	759	753	750	755	742	749	749	743	742	743
810	773.97502	789	807	781	789	776	762	760	751	742	747	752	744	751	744	740	743
811	774.55017	785	800	777	785	783	762	758	750	742	753	747	746	743	745	743	752
812	775.12537	790	801	780	787	771	759	756	754	747	750	755	741	744	749	751	749
813	775.70061	800	814	787	786	773	762	762	752	755	755	741	746	746	758	750	745
814	776.27591	794	810	776	778	771	767	746	747	750	740	745	750	750	743	749	746
815	776.85125	792	800	777	785	777	757	753	756	744	748	754	746	749	754	745	746
816	777.42663	790	799	774	782	771	759	749	753	748	749	746	746	746	746	741	745
817	778.00207	781	806	775	778	771	754	745	749	747	755	751	750	753	742	744	747
818	778.57755	796	806	777	788	778	766	760	755	747	751	747	752	745	751	752	744
819	779.15308	789	802	786	791	776	758	760	759	760	761	754	753	746	760	748	750
820	779.72866	789	800	791	767	760	756	741	746	743	747	754	744	747	742	742	748
821	780.30429	790	795	777	771	765	769	746	756	740	746	751	753	741	742	739	752
822	780.87996	781	793	787	775	769	753	749	759	747	752	753	743	747	748	744	749
823	781.45568	799	794	785	780	775	755	755	749	747	752	744	745	746	747	745	748
824	782.03145	789	798	784	780	768	754	753	753	749	749	747	742	749	752	754	753
825	782.60727	788	801	781	785	769	762	751	756	744	750	743	744	746	756	751	739
826	783.18314	779	802	782	774	767	762	753	751	752	753	752	746	749	751	753	747
827	783.75905	794	795	774	781	777	765	753	751	749	747	745	750	747	747	755	752
828	784.33501	794	801	781	781	768	751	752	747	748	749	751	749	748	746	743	741
829	784.91101	795	795	774	780	777	759	756	745	747	751	739	750	749	750	752	743
830	785.48707	791	798	778	780	773	756	752	748	747	748	744	751	744	750	748	746
831	786.06317	788	788	775	777	773	755	748	757	746	735	752	744	743	747	747	748
832	786.63932	790	799	767	777	759	759	754	748	756	747	745	750	744	748	747	747
833	787.21552	785	796	785	772	759	760	753	749	748	743	740	742	745	748	749	740
834	787.79177	781	806	772	781	767	757	761	740	743	739	745	743	744	756	748	753
835	788.36806	775	796	775	766	772	757	748	745	748	746	740	748	742	748	744	753
836	788.9444	783	797	765	772	768	765	751	742	746	743	747	748	738	746	752	750
837	789.52079	782	786	768	772	759	754	756	749	750	754	746	740	742	743	749	749
838	790.09723	786	793	780	772	767	765	755	743	739	748	748	749	747	745	738	749
839	790.67371	775	803	772	777	767	757	754	750	744	751	751	745	747	748	741	746
840	791.25024	772	786	771	771	764	756	747	744	748	745	746	744	748	747	744	749
841	791.82682	784	792	777	767	765	758	758	747	745	750	746	753	738	753	742	750
842	792.40345	773	794	784	768	763	758	753	747	752	745	742	744	744	748	745	746
843	792.98013	785	787	770	780	769	746	757	747	743	745	751	743	752	744	750	746
844	793.55685	781	788	783	768	766	756	747	754	746	747	749	739	752	746	743	747
845	794.13362	777	795	778	777	761	749	752	750	754	742	743	742	749	748	746	750
846	794.71044	779	785	776	783	763	757	751	753	753	750	752	743	741	750	743	750
847	795.2873	777	787	771	778	767	764	752	747	747	741	750	749	753	748	747	745
848	795.86421	784	787	766	778	762	761	746	739	741	744	754	744	749	746	749	745
849	796.44118	775	778	773	770	765	757	748	750	743	739	752	739	750	742	746	754
850	797.01818	778	795	777	786	763	756	757	748	737	751	750	739	748	754	739	744
851	797.59524	782	776	773	769	759	757	753	743	742	741	749	745	752	750	741	736
852	798.17234	785	798	774	772	770	751	748	745	741	750	753	747	742	739	744	746
853	798.7495	789	789	763	774	761	757	751	745	748	745	742	746	743	750	739	748
854	799.32669	782	792	774	770	769	755	750	744	751	755	743	743	748	741	743	747
855	799.90394	780	780	775	775	760	760	753	754	746	740	742	754	748	742	743	743
856	800.48124	789	780	770	774	767	763	748	751	748	745	743	743	743	743	746	745
857	801.05858	780	777	769	773	771	762	754	749	743	747	746	744	742	741	738	749
858	801.63597	778	780	765	774	763	754	750	747	742	744	748	744	740	746	747	743
859	802.21341	778	790	773	767	767	752	747	743	749	749	748	753	746	743	745	745
860	802.79089	783	787	776	775	762	758	749	746	746	747	747	744	746	745	742	744
861	803.36842	775	788	769	769	759	761	755	758	744	743	741	750	745	751	744	742
862	803.946	777	790	773	769	756	753	756	754	746	745	750	746	747	739	745	745
863	804.52363	771	787	770	763	764	761	751	745	748	744	747	740	751	741	747	749
864	805.10131	770	781	775	774	763	760	752	748	738	744	744	738	744	746	744	750
865	805.67903	773	781	777	775	760	753	751	745	740	745	747	756	745	744	743	746
866	806.2568	780	787	781	780	769	754	746	757	748	745	750	749	752	746	744	747
867	806.83462	778	792	772	772	761	748	757	759	742	749	748	742	744	755	747	744
868	807.41249	776	784	769	772	765	744	746	749	737	743	745	746	747	750	750	750
869	807.9904	777	784	770	773	763	758	747	741	746	737	746	743	742	747	739	749
870	808.56836	779	791	760	769	759	761	747	745	750	744	748	744	740	737	755	749
871	809.14637	782	782	768	777	767	755	752	752	751	743	746	745	741	743	745	745
872	809.72443	774	792	767	777	760	756	758	751	739	743	744	745	742	746	740	743
873	810.30254	788	782	772	778	760	756	749	749	739	744	750	750	744	739	745	742
874	810.88069	790	786	772	773	763	762	759	749	746	742	749	747	747	751	740	745
875	811.45889	775	781	778	781	773	765	758	755	743	749	747	748	754	753	745	747
876	812.03714	775	785	776	772	768	754	754	746	746	746	737	748	748	750	745	750
877	812.61543	777	789	767	781	762	765	759	757	744	751	744	739	742	748	747	747
878	813.19378	770	795	775	776	759	748	751	750	737	750	746	743	739	749	740	738
879	813.77217	780	793	776	772	763	758	756	756	739	740	746	743	751	747	745	752
880	814.3506	785	782	779	774	765	759	752	754	754	743	746	747	750	745	748	749
881	814.92909	792	789	773	785	759	757	755	745	745	745	743	750	743	745	749	746
882	815.50762	770	799	776	768	763	750	750	762	744	745	753	747	737	747	746	751
883	816.08621	788	781	781	773	766	750	750	750	748	742	748	744	742	745	747	743
884	816.66484	782	783	771	774	767	754	753	742	743	746	744	752	744	743	747	744
885	817.24351	786	795	769	780	767	763	748	736	745	747	748	747	747	743	741	743
886	817.82224	791	789	779	783	768	763	748	743	745	745	747	747	746	747	740	748
887	818.40101	775	791	779	783	766	752	749	756	744	747	751	746	739	744	746	753
888	818.97983	775	798	785	776	766	759	752	751	750	745	746	744	745	739	747	743
889	819.5587	795	779	788	783	771	753	752	751	752	747	755	741	748	743	749	749
890	820.13761	794	806	777	776	761	760	756	747	741	741	743	748	744	746	746	743
891	820.71657	792	794	784	772	774	769	754	746	752	746	752	746	747	747	751	752
892	821.29558	788	789	776	768	778	753	749	754	746	750	753	749	741	748	743	750
893	821.87464	795	797	777	784	766	755	750	747	743	746	754	747	744	751	750	745
894	822.45375	790	794	786	783	772	759	751	743	743	742	752	742	750	739	746	748
895	823.0329	793	789	791	785	767	761	752	762	745	747	748	745	741	743	744	746
896	823.6121	779	790	782	771	773	750	750	747	754	742	755	746	738	742	743	750
897	824.19135	796	801	779	786	767	753	753	753	740	742	745	742	743	741	738	744
898	824.77065	787	801	791	773	779	760	753	751	749	749	743	747	747	747	744	751
899	825.34999	786	798	785	782	776	765	755	758	743	741	755	747	747	749	748	743
900	825.92938	799	797	780	779	772	767	754	751	743	750	739	739	746	744	746	743
901	826.50882	798	804	777	789	765	767	754	750	745	754	754	749	740	740	748	751
902	827.08831	797	800	783	779	776	762	748	751	745	751	750	739	741	748	742	746
903	827.66785	789	806	779	790	771	763	754	745	747	751	750	754	739	743	747	743
904	828.24743	795	804	780	784	767	756	754	743	744	748	746	738	752	743	741	755
905	828.82706	805	804	784	787	774	766	751	747	746	751	749	744	746	744	745	750
906	829.40674	804	811	787	793	764	765	747	745	745	746	738	740	742	745	739	748
907	829.98646	790	801	787	787	769	767	752	756	747	745	741	747	745	745	745	744
908	830.56623	802	804	791	790	781	763	752	746	741	747	744	742	743	742	747	738
909	831.14606	790	815	789	799	778	761	751	744	743	743	749	746	741	743	749	742
910	831.72592	800	813	793	802	781	759	758	756	751	754	748	745	746	747	739	752
911	832.30584	796	808	783	793	786	759	761	743	745	753	749	742	746	744	747	747
912	832.8858	810	813	787	801	780	759	755	751	744	749	749	740	742	745	744	745
913	833.46582	808	824	795	796	782	764	760	754	746	742	742	748	747	746	740	749
914	834.04587	809	831	819	805	781	762	756	751	745	748	736	742	749	750	742	746
915	834.62598	820	826	811	803	785	765	753	744	741	749	748	740	748	742	745	744
916	835.20614	808	821	804	798	786	764	755	760	739	747	739	741	742	747	747	745
917	835.78634	837	816	804	815	786	764	759	760	745	743	752	739	746	744	748	747
918	836.36659	817	810	805	810	784	772	763	752	744	743	747	748	747	741	749	753
919	836.94688	818	833	804	804	789	769	766	751	749	746	751	740	746	747	749	745
920	837.52723	820	835	816	808	789	770	749	752	743	743	738	744	746	738	743	743
921	838.10762	822	825	823	822	784	772	763	761	741	748	746	744	744	742	745	745
922	838.68806	825	836	791	833	791	767	761	753	747	743	748	741	739	745	743	739
923	839.26855	828	836	815	818	782	771	762	757	742	749	753	739	747	745	749	752
924	839.84909	822	849	815	813	791	768	770	758	743	742	744	748	747	747	742	746
925	840.42967	830	843	810	827	785	777	757	756	747	752	755	743	743	747	748	750
926	841.0103	839	841	818	821	803	772	757	753	751	754	746	746	746	743	745	748
927	841.59098	835	845	803	831	794	775	757	757	745	753	749	750	735	741	752	754
928	842.17171	841	843	819	847	793	777	760	757	746	746	750	746	743	746	743	746
929	842.75248	851	859	816	846	805	772	761	752	745	749	758	742	748	755	735	755
930	843.3333	840	862	823	844	811	786	759	750	738	754	749	747	739	753	739	753
931	843.91417	850	857	830	839	799	779	767	758	742	750	753	744	745	749	745	750
932	844.49509	851	871	826	841	820	770	765	752	741	749	753	744	743	746	746	749
933	845.07605	852	868	834	835	807	775	767	757	744	753	755	742	746	742	740	749
934	845.65707	871	878	837	849	809	779	771	759	755	750	763	744	745	753	754	747
935	846.23813	864	885	838	856	805	785	764	758	753	756	758	746	744	755	749	756
936	846.81923	848	883	834	841	814	780	758	761	755	753	751	754	745	744	747	739
937	847.40039	886	895	863	855	827	786	767	763	750	759	762	745	748	745	748	751
938	847.98159	867	894	849	867	812	775	764	762	753	750	757	752	747	749	743	748
939	848.56284	874	893	862	853	830	809	775	765	755	750	750	746	750	750	747	748
940	849.14414	869	907	866	872	816	798	776	769	757	755	749	747	746	753	745	754
941	849.72549	888	904	860	861	827	793	768	761	749	751	758	746	739	752	751	759
942	850.30688	898	905	861	874	827	794	772	766	753	756	756	753	751	755	747	757
943	850.88832	911	919	871	880	844	799	773	773	753	755	760	745	750	757	754	759
944	851.46981	900	928	861	871	841	804	771	760	748	756	754	753	749	748	757	761
945	852.05135	891	936	868	896	836	788	780	764	761	750	755	750	746	750	748	759
946	852.63293	907	940	873	900	839	808	778	763	753	754	765	746	749	759	743	755
947	853.21457	900	947	890	911	844	801	784	763	752	755	761	753	755	750	755	752
948	853.79625	911	931	903	907	848	802	778	761	757	762	767	752	752	759	750	747
949	854.37797	914	939	899	907	861	811	771	761	757	756	768	751	749	751	751	761
950	854.95975	942	943	901	913	837	815	785	773	747	758	767	750	747	752	754	752
951	855.54157	932	967	896	917	856	799	785	770	755	762	765	748	752	758	752	757
952	856.12344	946	975	905	916	848	802	785	762	750	755	761	747	743	761	738	764
953	856.70536	941	973	899	930	866	815	782	767	752	756	760	745	754	757	744	743
954	857.28732	961	973	919	914	883	818	795	762	755	752	758	747	748	767	751	759
955	857.86934	953	997	918	929	877	815	794	771	759	762	765	753	747	759	744	761
956	858.4514	958	1008	936	913	862	824	788	771	754	761	751	747	753	754	753	755
957	859.03351	957	999	908	941	872	815	794	774	758	755	759	744	748	768	754	759
958	859.61566	964	1007	935	947	875	826	788	777	760	759	766	749	756	754	755	762
959	860.19787	962	1015	929	966	880	819	788	771	754	757	777	753	749	749	750	762
960	860.78012	986	1015	944	953	869	825	795	778	751	758	764	749	749	760	749	756
961	861.36242	978	1029	938	945	888	828	803	776	757	760	763	750	747	758	753	761
962	861.94477	970	1037	971	978	893	829	796	779	755	766	765	755	756	766	751	761
963	862.52716	981	1031	963	992	898	834	800	777	749	757	766	755	745	767	755	763
964	863.1096	981	1031	939	940	890	827	801	771	752	760	766	745	754	756	750	766
965	863.69209	1012	1046	955	986	889	831	799	786	760	764	767	749	751	764	761	759
966	864.27463	1017	1065	959	994	910	843	802	784	761	761	767	759	741	761	762	765
967	864.85722	1012	1092	977	980	892	860	801	788	755	767	767	752	747	755	756	763
968	865.43985	1041	1060	978	970	912	840	801	779	764	771	768	755	752	759	748	765
969	866.02253	1044	1075	970	999	895	839	793	788	761	771	768	746	756	748	753	760
970	866.60526	1047	1078	999	988	920	841	803	787	759	765	767	761	747	770	760	762
971	867.18804	1053	1093	981	1036	923	842	806	790	757	771	771	751	750	767	748	761
972	867.77086	1053	1104	1018	1043	927	853	800	791	758	761	779	749	752	751	752	774
973	868.35373	1065	1092	1000	1042	928	861	820	789	759	767	786	753	757	769	751	770
974	868.93665	1063	1155	996	1024	940	853	821	784	767	774	767	749	757	767	756	766
975	869.51962	1068	1099	1012	1047	935	856	809	778	765	768	771	753	759	765	748	767
976	870.10263	1087	1120	1003	1062	948	867	813	790	762	770	767	753	753	765	759	767
977	870.68569	1097	1158	1018	1048	944	868	826	787	767	768	767	754	753	774	763	755
978	871.2688	1094	1151	1019	1063	946	864	815	788	759	772	773	762	761	761	759	768
979	871.85196	1096	1152	1028	1053	934	858	820	796	768	769	778	757	759	771	769	767
980	872.43516	1109	1147	1054	1049	959	888	821	794	755	764	775	752	753	768	755	768
981	873.01842	1127	1162	1032	1077	954	863	827	789	767	764	784	753	752	768	765	776
982	873.60172	1113	1190	1042	1074	960	880	821	795	765	769	777	751	759	777	754	772
983	874.18507	1110	1191	1068	1074	967	883	826	786	762	771	788	751	762	765	756	770
984	874.76846	1151	1194	1049	1077	935	875	824	798	756	766	784	760	753	766	751	775
985	875.35191	1146	1188	1060	1099	973	874	829	805	773	768	775	755	755	772	755	765
986	875.9354	1156	1190	1063	1109	992	888	823	795	759	775	785	764	760	769	759	780
987	876.51893	1167	1184	1103	1082	979	886	828	797	763	769	781	762	757	767	757	775
988	877.10252	1150	1180	1087	1130	974	891	809	787	767	766	784	750	760	770	763	767
989	877.68616	1166	1209	1093	1130	998	888	828	793	770	763	786	751	758	772	757	773
990	878.26984	1168	1215	1089	1102	981	896	834	804	773	780	787	759	759	775	764	763
991	878.85357	1186	1238	1079	1103	997	901	839	802	767	771	773	760	763	772	753	783
992	879.43734	1208	1215	1099	1154	1002	904	835	800	763	764	786	762	758	770	757	769
993	880.02117	1216	1257	1092	1156	1011	906	825	804	767	774	800	759	759	769	759	761
994	880.60504	1215	1226	1118	1127	1005	935	835	810	771	771	777	767	769	772	759	773
995	881.18896	1188	1279	1121	1150	1018	915	857	822	770	785	795	763	760	785	766	777
996	881.77293	1220	1256	1143	1170	1034	913	852	812	768	776	780	769	763	780	775	773
997	882.35694	1218	1292	1124	1160	1028	919	845	814	754	777	785	761	754	777	762	767
998	882.94101	1222	1292	1136	1160	1043	916	844	817	774	778	796	762	758	777	765	779
999	883.52512	1235	1290	1159	1167	1033	912	830	820	771	785	798	760	763	774	765	776
1000	884.10928	1246	1309	1162	1170	1016	901	847	808	771	782	782	755	768	777	764	780
1001	884.69348	1238	1324	1173	1183	1020	905	845	813	767	787	795	766	757	779	767	772
1002	885.27774	1252	1295	1179	1193	1030	918	845	814	767	771	792	767	762	775	762	777
1003	885.86204	1257	1312	1133	1182	1057	909	857	825	771	785	789	767	759	781	764	771
1004	886.44639	1238	1366	1164	1216	1046	915	845	817	779	774	801	764	760	772	759	766
1005	887.03078	1251	1355	1168	1193	1063	914	841	813	774	779	789	760	767	783	763	781
1006	887.61523	1272	1362	1171	1211	1060	925	861	812	769	787	789	764	766	779	768	789
1007	888.19972	1279	1332	1199	1215	1060	927	873	822	767	791	795	765	765	768	765	791
1008	888.78426	1291	1358	1200	1210	1070	909	856	824	770	780	780	763	762	781	763	775
1009	889.36885	1287	1354	1187	1257	1040	933	848	819	775	791	804	765	766	765	765	772
1010	889.95348	1271	1341	1197	1230	1051	916	866	824	775	793	794	767	755	767	768	779
1011	890.53816	1305	1376	1213	1247	1063	940	854	806	777	779	807	767	762	777	767	787
1012	891.12289	1287	1398	1167	1245	1076	927	860	815	765	786	794	755	763	771	772	780
1013	891.70767	1283	1392	1206	1220	1054	965	859	827	776	785	804	761	767	784	769	778
1014	892.2925	1329	1431	1208	1261	1078	940	877	828	767	793	796	764	768	777	759	787
1015	892.87737	1305	1377	1215	1268	1079	947	860	826	783	776	799	760	768	784	767	786
1016	893.46229	1311	1410	1246	1285	1063	931	867	830	779	795	783	765	766	781	759	788
1017	894.04726	1330	1409	1244	1254	1084	919	882	835	771	785	801	767	753	787	767	777
1018	894.63228	1359	1400	1246	1257	1065	942	869	823	772	778	797	764	768	780	769	774
1019	895.21734	1349	1406	1235	1257	1067	934	869	830	779	786	813	768	767	778	763	791
1020	895.80245	1369	1414	1223	1281	1088	958	875	831	776	791	810	765	758	782	762	787
1021	896.38761	1345	1429	1234	1308	1087	947	880	818	773	795	792	772	775	771	762	781
1022	896.97282	1376	1447	1265	1286	1110	944	885	820	778	791	802	766	756	789	772	787
1023	897.55807	1337	1408	1236	1288	1117	960	867	831	791	776	810	760	767	781	768	784
1024	898.14338	1375	1453	1251	1301	1109	956	869	826	782	790	801	763	769	785	769	782