328.05349	747	747	739	746	738	741	753	733	736	739
328.59042	738	733	736	740	742	740	743	735	736	741
329.12739	747	740	742	735	743	739	735	741	736	735
329.6644	743	738	741	742	740	736	738	734	735	739
330.20147	735	737	736	742	741	738	741	726	735	744
330.73858	738	740	740	740	733	740	737	734	740	739
331.27574	732	738	732	737	736	740	740	738	742	740
331.81295	736	745	742	737	732	750	748	736	738	739
332.3502	741	746	734	739	737	739	736	739	735	734
332.88751	744	735	732	749	737	735	740	747	742	735
333.42486	742	739	743	731	731	737	746	737	741	744
333.96226	738	739	742	739	733	741	741	738	743	744
334.4997	738	747	740	743	743	738	735	740	743	739
335.0372	747	744	738	745	733	731	733	741	748	739
335.57474	740	738	742	736	735	741	742	736	739	739
336.11233	740	739	747	740	729	742	737	736	744	741
336.64996	740	738	744	759	738	740	739	741	732	734
337.18765	743	750	750	745	754	743	742	753	750	740
337.72538	738	737	743	740	742	738	745	741	743	745
338.26316	745	742	740	739	740	744	740	739	739	731
338.80099	735	740	742	741	746	740	739	736	744	745
339.33886	739	738	741	740	740	737	738	742	743	740
339.87679	741	741	735	740	739	740	746	742	739	741
340.41476	744	737	737	742	741	734	736	750	739	735
340.95277	741	734	740	746	736	737	739	739	745	739
341.49084	739	748	737	739	739	737	737	741	742	741
342.02895	744	736	743	743	735	739	737	733	730	740
342.56711	740	739	741	741	741	746	738	739	739	735
343.10532	741	735	743	740	736	745	735	738	743	739
343.64358	737	745	742	742	735	736	738	746	748	741
344.18188	732	741	746	741	744	741	749	747	740	736
344.72024	741	742	742	747	740	745	742	737	735	735
345.25864	747	742	740	740	740	741	744	738	742	740
345.79708	738	741	740	741	742	737	742	739	750	742
346.33558	740	736	739	738	739	739	734	751	741	731
346.87412	739	743	740	737	742	736	735	743	751	738
347.41271	739	742	745	747	739	734	743	740	738	749
347.95135	741	740	748	741	740	743	736	736	744	746
348.49003	735	740	739	739	744	736	750	743	739	735
349.02877	740	743	744	740	745	737	749	737	739	737
349.56755	747	740	740	744	741	736	743	742	743	741
350.10638	739	732	752	737	740	732	742	741	749	736
350.64525	738	735	746	741	745	746	752	745	741	737
351.18418	739	736	732	739	744	740	751	740	747	737
351.72315	745	746	745	735	736	743	745	736	743	741
352.26217	745	742	738	744	738	743	742	735	744	736
352.80123	744	745	742	737	738	739	737	739	736	736
353.34035	742	742	740	737	746	743	739	744	747	736
353.87951	738	742	739	740	736	741	741	738	739	733
354.41872	744	743	744	746	735	741	742	738	737	740
354.95798	743	743	738	737	745	737	736	736	741	741
355.49728	739	745	748	745	751	735	741	739	740	736
356.03663	744	743	735	742	742	740	742	741	739	740
356.57604	743	738	739	746	739	744	730	740	736	739
357.11548	743	745	749	739	744	749	748	739	742	736
357.65498	742	740	742	742	740	745	743	745	741	744
358.19452	737	742	747	728	744	741	738	733	747	751
358.73411	745	735	744	741	742	740	740	739	744	741
359.27375	736	729	741	744	739	739	743	744	744	734
359.81344	741	741	742	740	738	740	741	742	745	743
360.35317	743	741	745	747	736	741	737	743	746	744
360.89295	747	748	736	743	745	747	734	744	739	744
361.43278	742	743	749	743	740	740	743	749	743	744
361.97266	746	742	741	743	738	745	744	738	749	741
362.51259	745	739	740	741	737	739	743	745	740	740
363.05256	742	740	733	737	739	748	738	731	741	739
363.59258	747	741	736	739	736	739	739	737	735	735
364.13265	735	740	746	736	737	739	745	747	739	737
364.67276	742	738	743	739	741	748	737	743	747	741
365.21292	743	742	741	737	743	736	748	745	735	736
365.75314	743	740	738	740	740	739	742	748	742	740
366.29339	742	742	742	744	739	738	735	736	748	745
366.8337	745	741	743	739	739	747	743	743	735	745
367.37405	746	746	745	741	748	742	741	741	744	748
367.91446	748	745	745	741	744	741	739	741	738	734
368.4549	740	746	744	735	748	743	746	747	738	740
368.9954	740	740	739	743	742	733	742	741	733	744
369.53595	748	741	745	745	740	745	744	737	743	743
370.07654	745	739	744	746	744	743	739	744	746	744
370.61718	740	744	738	738	740	742	737	741	743	739
371.15786	739	739	740	743	740	742	737	746	739	739
371.6986	745	743	741	736	743	742	740	743	746	739
372.23938	743	750	741	746	749	746	740	741	749	743
372.78021	748	751	749	744	744	737	743	743	741	739
373.32109	738	739	744	745	738	743	743	742	749	744
373.86202	742	743	741	745	752	743	742	744	740	743
374.40299	741	743	744	740	743	742	746	742	739	744
374.94401	748	747	746	738	747	736	741	743	736	736
375.48508	741	742	738	745	742	737	738	744	743	741
376.0262	740	743	745	737	740	747	735	744	735	744
376.56736	742	748	740	744	749	741	745	747	738	747
377.10857	741	733	744	743	737	748	752	741	741	739
377.64983	736	743	743	747	736	741	747	736	743	739
378.19114	738	743	737	741	742	734	746	749	739	752
378.73249	738	745	745	734	749	738	741	741	741	742
379.2739	743	746	742	749	737	734	739	747	745	735
379.81535	739	739	740	747	747	742	745	745	743	739
380.35684	744	745	742	747	740	747	738	744	745	748
380.89839	742	742	744	738	746	738	755	737	739	741
381.43998	751	745	750	740	749	743	746	743	745	741
381.98162	746	740	736	744	739	742	749	741	742	742
382.52331	736	748	753	747	745	743	747	742	741	745
383.06505	744	746	743	745	746	746	747	741	739	741
383.60683	740	744	744	745	748	745	736	743	738	741
384.14866	740	748	747	742	744	742	748	741	737	737
384.69054	742	751	750	745	741	738	739	748	747	741
385.23247	744	742	742	742	744	746	744	743	747	736
385.77444	746	745	745	747	746	736	738	746	745	737
386.31646	737	742	750	747	743	745	748	742	742	742
386.85853	736	747	750	742	745	750	740	755	738	739
387.40065	748	745	740	742	736	737	753	743	745	745
387.94282	746	748	741	739	744	743	744	739	751	748
388.48503	748	749	750	745	741	742	752	742	750	745
389.02729	752	741	750	746	741	739	749	746	744	737
389.5696	744	750	739	746	744	748	752	738	744	741
390.11195	746	747	749	746	751	746	741	746	739	739
390.65436	745	755	740	759	746	746	746	746	743	748
391.19681	739	734	742	754	743	748	742	744	745	753
391.73931	741	749	747	747	743	743	748	739	745	744
392.28185	753	748	754	748	750	757	748	744	744	741
392.82445	750	749	752	745	740	750	752	746	751	746
393.36709	746	745	745	751	750	747	750	744	745	740
393.90978	743	746	751	746	749	752	756	747	742	745
394.45252	749	740	750	743	746	751	751	747	744	748
394.9953	753	748	754	747	750	751	752	739	746	745
395.53813	742	751	753	750	744	743	740	752	743	750
396.08101	748	750	747	751	755	749	748	754	742	755
396.62394	747	753	754	751	752	746	758	750	749	753
397.16692	744	758	747	756	756	755	744	753	751	745
397.70994	746	756	752	757	749	749	750	759	748	748
398.25301	755	750	758	741	750	757	751	757	758	740
398.79613	755	757	756	745	757	746	745	747	753	750
399.33929	752	759	754	757	759	760	754	750	747	754
399.88251	758	755	759	755	757	752	750	748	747	742
400.42577	754	757	763	765	762	755	756	742	754	749
400.96908	758	757	747	753	753	757	756	742	751	756
401.51243	753	753	759	761	759	762	756	747	762	754
402.05584	752	757	757	769	761	758	760	759	760	755
402.59929	764	759	772	753	759	763	769	764	771	755
403.14279	762	769	763	765	755	756	755	760	755	760
403.68634	776	776	777	769	773	781	769	773	759	757
404.22993	768	769	756	765	767	768	771	758	760	758
404.77358	765	773	765	773	769	760	766	763	759	761
405.31727	771	771	768	777	779	767	766	772	773	756
405.861	777	771	776	766	767	785	761	764	762	760
406.40479	767	780	765	779	767	769	775	761	771	771
406.94862	775	785	774	779	768	787	776	776	776	767
407.4925	781	782	779	782	773	777	775	780	764	777
408.03643	783	789	784	786	781	769	779	776	772	768
408.58041	790	787	784	781	788	779	781	770	778	787
409.12443	789	802	785	785	787	772	775	780	776	786
409.66851	790	788	803	792	792	789	789	785	790	780
410.21262	800	803	804	805	795	798	795	793	784	790
410.75679	811	807	808	812	812	798	800	791	793	791
411.30101	812	805	805	797	806	797	801	806	796	793
411.84527	815	842	821	808	814	796	822	804	804	786
412.38958	831	826	823	824	831	820	826	812	800	799
412.93394	831	823	841	816	818	829	817	806	815	819
413.47834	838	839	836	838	828	824	831	818	815	819
414.02279	864	871	848	831	842	839	823	834	832	835
414.5673	850	853	852	836	844	847	836	847	828	817
415.11184	855	868	859	848	848	858	849	846	821	840
415.65644	873	871	873	874	876	863	852	866	851	842
416.20108	865	893	876	860	884	881	864	847	855	844
416.74577	917	898	910	891	894	873	879	863	859	853
417.29051	899	910	906	889	870	883	895	863	879	874
417.8353	928	900	892	910	899	888	897	895	873	883
418.38013	927	920	920	921	915	894	887	884	888	865
418.92502	931	956	929	908	929	904	905	905	899	895
419.46995	960	935	956	946	948	935	932	927	912	908
420.01492	966	954	962	957	953	947	932	924	914	915
420.55995	952	978	982	964	943	963	957	931	937	934
421.10502	980	1009	982	967	973	963	959	942	935	934
421.65014	995	1008	1005	1000	976	1005	965	959	959	953
422.19531	1031	1027	1012	1011	998	972	996	961	967	930
422.74052	1071	1011	1077	1018	1044	1016	1009	991	992	973
423.28579	1028	1077	1063	1045	1017	1019	1015	1006	1005	987
423.8311	1069	1071	1079	1054	1041	1029	1046	1003	985	986
424.37646	1103	1111	1087	1072	1080	1036	1064	1016	1009	999
424.92186	1127	1119	1098	1093	1084	1097	1032	1068	1029	1025
425.46732	1136	1138	1125	1112	1097	1087	1072	1037	1053	1042
426.01282	1134	1176	1145	1133	1109	1141	1138	1098	1059	1063
426.55837	1160	1151	1166	1147	1121	1115	1118	1083	1070	1055
427.10397	1207	1174	1173	1176	1169	1159	1121	1096	1102	1085
427.64961	1197	1171	1206	1209	1190	1151	1140	1132	1106	1115
428.1953	1233	1194	1212	1206	1199	1169	1166	1150	1105	1112
428.74104	1234	1248	1207	1224	1222	1182	1207	1160	1146	1114
429.28683	1258	1264	1247	1243	1253	1200	1188	1198	1154	1134
429.83267	1278	1285	1277	1253	1250	1215	1211	1196	1168	1121
430.37855	1298	1315	1279	1282	1233	1245	1236	1200	1186	1185
430.92448	1308	1323	1330	1278	1295	1238	1245	1229	1207	1192
431.47046	1367	1348	1322	1322	1285	1233	1263	1244	1223	1183
432.01648	1353	1344	1359	1334	1295	1279	1286	1246	1241	1238
432.56256	1372	1382	1368	1351	1312	1290	1320	1274	1267	1239
433.10868	1383	1405	1407	1388	1315	1323	1318	1259	1273	1231
433.65485	1420	1417	1395	1385	1387	1344	1321	1299	1282	1285
434.20106	1484	1430	1434	1405	1394	1374	1352	1312	1297	1289
434.74733	1435	1446	1428	1412	1391	1395	1343	1346	1318	1302
435.29364	1513	1480	1422	1448	1403	1370	1351	1361	1339	1299
435.84	1467	1501	1461	1481	1425	1421	1372	1352	1357	1314
436.38641	1520	1509	1502	1496	1425	1456	1450	1392	1359	1319
436.93286	1534	1559	1524	1476	1431	1437	1429	1413	1351	1350
437.47936	1526	1548	1522	1498	1478	1475	1486	1430	1388	1397
438.02592	1571	1549	1588	1511	1517	1488	1465	1433	1358	1367
438.57251	1572	1571	1576	1542	1499	1499	1475	1418	1391	1396
439.11916	1555	1598	1568	1525	1546	1499	1448	1477	1408	1378
439.66585	1604	1639	1572	1572	1549	1516	1498	1493	1444	1410
440.21259	1615	1685	1601	1580	1542	1532	1501	1457	1478	1418
440.75938	1616	1631	1625	1594	1557	1537	1501	1493	1484	1450
441.30622	1650	1658	1601	1598	1604	1582	1536	1494	1473	1416
441.8531	1671	1659	1646	1609	1623	1562	1563	1497	1490	1431
442.40003	1703	1652	1650	1581	1629	1573	1555	1561	1453	1462
442.94701	1700	1668	1695	1631	1634	1571	1549	1539	1526	1447
443.49404	1672	1679	1677	1673	1661	1622	1635	1537	1488	1489
444.04111	1724	1706	1710	1666	1664	1637	1584	1593	1531	1480
444.58824	1726	1713	1684	1672	1646	1653	1610	1563	1504	1466
445.13541	1735	1711	1714	1706	1663	1628	1633	1518	1531	1507
445.68262	1704	1760	1687	1694	1652	1646	1620	1568	1545	1460
446.22989	1738	1745	1680	1722	1636	1647	1622	1571	1560	1511
446.7772	1739	1775	1748	1714	1655	1643	1628	1562	1531	1533
447.32456	1746	1733	1729	1685	1671	1669	1621	1585	1556	1534
447.87197	1774	1753	1738	1758	1687	1655	1660	1587	1546	1525
448.41943	1788	1769	1738	1698	1717	1667	1638	1605	1562	1532
448.96693	1765	1779	1747	1760	1682	1667	1641	1639	1571	1533
449.51448	1824	1728	1783	1756	1730	1688	1642	1619	1576	1534
450.06208	1845	1737	1767	1740	1708	1669	1617	1631	1604	1541
450.60973	1777	1805	1776	1746	1730	1680	1640	1616	1574	1550
451.15742	1795	1798	1778	1773	1707	1691	1618	1600	1615	1520
451.70516	1821	1796	1795	1722	1739	1684	1636	1640	1600	1545
452.25295	1840	1822	1724	1755	1726	1689	1661	1641	1567	1558
452.80079	1832	1782	1795	1749	1721	1706	1652	1620	1572	1522
453.34868	1802	1783	1789	1777	1749	1716	1683	1695	1588	1582
453.89661	1839	1803	1751	1767	1760	1731	1666	1641	1620	1567
454.44459	1840	1776	1739	1729	1737	1730	1689	1663	1627	1592
454.99262	1792	1790	1754	1753	1727	1724	1729	1637	1591	1591
455.54069	1805	1797	1799	1754	1737	1754	1643	1638	1603	1587
456.08881	1839	1828	1805	1769	1724	1720	1646	1633	1591	1580
456.63699	1836	1788	1831	1794	1733	1715	1672	1648	1624	1587
457.1852	1864	1791	1798	1746	1733	1699	1691	1609	1645	1607
457.73347	1897	1799	1813	1787	1730	1695	1645	1636	1606	1560
458.28178	1827	1792	1758	1737	1746	1715	1704	1687	1655	1529
458.83015	1811	1774	1720	1777	1757	1717	1643	1655	1590	1548
459.37856	1794	1834	1762	1757	1720	1689	1688	1623	1572	1509
459.92701	1840	1803	1770	1720	1776	1686	1651	1603	1607	1585
460.47552	1857	1801	1780	1790	1710	1708	1687	1609	1592	1559
461.02407	1807	1816	1775	1770	1718	1697	1635	1632	1589	1575
461.57267	1846	1788	1792	1737	1750	1647	1628	1628	1592	1574
462.12132	1807	1805	1803	1741	1724	1704	1650	1631	1578	1567
462.67001	1809	1784	1786	1736	1718	1699	1662	1603	1593	1556
463.21875	1749	1786	1739	1769	1725	1655	1654	1622	1583	1553
463.76754	1762	1816	1755	1728	1676	1673	1692	1611	1584	1526
464.31638	1748	1744	1794	1729	1710	1689	1636	1597	1548	1556
464.86527	1817	1784	1766	1750	1698	1667	1577	1582	1542	1540
465.4142	1779	1798	1716	1760	1689	1682	1641	1607	1576	1520
465.96318	1744	1772	1770	1695	1721	1632	1629	1596	1604	1539
466.51221	1813	1754	1754	1695	1683	1632	1607	1612	1572	1507
467.06129	1760	1730	1708	1664	1666	1634	1630	1605	1551	1496
467.61041	1767	1761	1730	1714	1717	1632	1636	1597	1516	1481
468.15959	1767	1749	1753	1688	1714	1691	1619	1584	1539	1510
468.7088	1759	1743	1721	1697	1662	1630	1617	1580	1545	1508
469.25807	1750	1717	1699	1685	1645	1634	1605	1575	1541	1492
469.80739	1708	1723	1724	1706	1654	1643	1589	1549	1520	1457
470.35675	1720	1727	1737	1662	1672	1630	1631	1556	1512	1503
470.90616	1767	1717	1719	1625	1642	1641	1593	1569	1496	1505
471.45562	1744	1687	1685	1652	1663	1643	1566	1530	1492	1471
472.00512	1709	1690	1699	1663	1618	1612	1560	1542	1521	1458
472.55468	1715	1703	1665	1689	1602	1621	1570	1521	1522	1488
473.10428	1700	1701	1673	1623	1620	1585	1607	1572	1528	1455
473.65393	1733	1677	1645	1652	1644	1609	1540	1500	1527	1462
474.20362	1641	1661	1672	1675	1599	1584	1569	1527	1492	1487
474.75337	1673	1674	1636	1579	1623	1607	1586	1507	1484	1508
475.30316	1664	1668	1655	1594	1597	1593	1542	1513	1458	1449
475.853	1651	1666	1631	1628	1573	1554	1545	1497	1454	1427
476.40288	1691	1642	1639	1605	1567	1523	1532	1498	1471	1408
476.95282	1698	1610	1660	1618	1587	1518	1536	1468	1490	1407
477.5028	1643	1638	1611	1608	1586	1507	1510	1503	1441	1398
478.05283	1600	1636	1623	1609	1513	1525	1465	1462	1469	1450
478.60291	1642	1616	1602	1578	1547	1525	1481	1459	1472	1373
479.15303	1617	1618	1590	1596	1567	1530	1548	1447	1466	1407
479.70321	1625	1596	1613	1573	1590	1526	1472	1484	1430	1383
480.25343	1621	1596	1582	1586	1483	1507	1484	1434	1432	1425
480.80369	1620	1591	1567	1536	1522	1541	1468	1439	1421	1378
481.35401	1617	1567	1549	1511	1546	1485	1502	1460	1413	1384
481.90437	1575	1560	1530	1559	1459	1516	1456	1407	1438	1362
482.45478	1572	1547	1531	1515	1524	1460	1451	1434	1380	1363
483.00524	1558	1557	1526	1518	1511	1489	1451	1436	1432	1404
483.55575	1547	1577	1524	1471	1493	1483	1467	1439	1375	1378
484.1063	1576	1547	1503	1513	1469	1462	1413	1432	1438	1324
484.65691	1562	1528	1522	1493	1490	1465	1414	1411	1367	1318
485.20756	1564	1558	1501	1490	1471	1447	1415	1406	1398	1337
485.75825	1528	1515	1499	1502	1507	1480	1417	1401	1383	1353
486.309	1534	1503	1498	1484	1457	1443	1402	1408	1383	1324
486.85979	1507	1486	1523	1450	1424	1431	1433	1376	1342	1336
487.41063	1531	1493	1490	1458	1426	1428	1404	1363	1340	1342
487.96152	1495	1500	1492	1469	1436	1429	1421	1390	1360	1319
488.51245	1483	1497	1484	1480	1444	1426	1386	1378	1351	1321
489.06344	1450	1468	1474	1484	1467	1395	1393	1370	1323	1316
489.61447	1499	1515	1486	1466	1431	1412	1395	1374	1324	1301
490.16555	1520	1474	1449	1415	1432	1432	1408	1343	1350	1309
490.71667	1484	1489	1455	1396	1429	1372	1401	1319	1348	1296
491.26785	1458	1485	1467	1441	1404	1397	1373	1377	1305	1314
491.81907	1461	1456	1426	1430	1381	1378	1364	1334	1314	1275
492.37034	1470	1456	1442	1404	1403	1382	1337	1341	1343	1271
492.92165	1442	1419	1435	1401	1401	1369	1327	1326	1294	1266
493.47302	1413	1435	1412	1469	1407	1393	1354	1341	1311	1291
494.02443	1437	1437	1445	1411	1401	1381	1346	1320	1313	1292
494.57589	1455	1452	1404	1385	1394	1366	1360	1317	1293	1278
495.1274	1468	1430	1389	1388	1368	1334	1340	1311	1291	1251
495.67895	1445	1417	1371	1378	1380	1364	1315	1315	1269	1260
496.23056	1438	1406	1427	1340	1380	1387	1339	1309	1291	1251
496.78221	1442	1446	1418	1339	1339	1338	1306	1295	1269	1252
497.3339	1409	1417	1407	1349	1374	1365	1319	1273	1266	1257
497.88565	1381	1408	1382	1387	1377	1356	1297	1276	1276	1245
498.43744	1427	1430	1405	1345	1384	1337	1315	1297	1278	1231
498.98928	1404	1378	1372	1350	1328	1296	1337	1277	1254	1264
499.54117	1368	1399	1371	1368	1359	1315	1318	1288	1279	1236
500.09311	1391	1407	1386	1341	1335	1304	1325	1310	1271	1232
500.64509	1407	1376	1375	1350	1351	1317	1298	1260	1226	1234
501.19713	1388	1380	1374	1331	1320	1280	1301	1298	1265	1215
501.74921	1358	1361	1315	1333	1318	1303	1284	1237	1279	1221
502.30133	1365	1340	1336	1324	1331	1320	1293	1259	1231	1198
502.85351	1368	1381	1325	1320	1303	1291	1286	1238	1251	1256
503.40573	1392	1395	1329	1336	1307	1328	1275	1259	1265	1221
503.958	1365	1347	1348	1332	1291	1308	1279	1261	1222	1241
504.51032	1329	1343	1346	1319	1275	1313	1255	1249	1229	1215
505.06268	1326	1374	1335	1328	1281	1303	1274	1248	1202	1190
505.6151	1339	1339	1307	1333	1304	1292	1279	1256	1224	1186
506.16756	1374	1322	1336	1336	1297	1292	1280	1219	1219	1214
506.72007	1364	1332	1317	1307	1291	1278	1262	1242	1218	1218
507.27262	1335	1345	1322	1314	1282	1254	1246	1263	1212	1178
507.82523	1345	1351	1303	1308	1279	1302	1242	1206	1220	1183
508.37788	1316	1335	1308	1268	1271	1268	1261	1246	1209	1206
508.93058	1320	1325	1307	1292	1253	1254	1259	1232	1196	1191
509.48332	1277	1285	1300	1290	1284	1268	1246	1206	1217	1172
510.03612	1283	1302	1298	1283	1270	1219	1231	1203	1187	1150
510.58896	1300	1269	1279	1273	1284	1263	1221	1220	1185	1160
511.14185	1294	1297	1280	1294	1272	1230	1229	1220	1185	1188
511.69479	1294	1285	1275	1252	1253	1250	1230	1215	1199	1156
512.24777	1279	1283	1252	1282	1218	1223	1181	1142	1185	1175
512.8008	1290	1289	1265	1280	1233	1216	1207	1189	1174	1164
513.35389	1287	1268	1262	1261	1238	1246	1226	1179	1158	1147
513.90701	1263	1254	1270	1237	1221	1221	1218	1189	1166	1151
514.46019	1257	1253	1258	1238	1252	1217	1224	1173	1186	1123
515.01341	1263	1218	1282	1229	1221	1197	1195	1183	1161	1150
515.56668	1256	1275	1260	1271	1245	1186	1232	1195	1177	1131
516.12	1266	1264	1255	1241	1228	1191	1187	1169	1156	1135
516.67337	1267	1244	1203	1249	1224	1219	1204	1176	1166	1170
517.22678	1240	1263	1220	1200	1208	1181	1213	1215	1163	1100
517.78024	1277	1232	1222	1239	1226	1211	1174	1149	1138	1120
518.33375	1241	1243	1229	1212	1217	1189	1175	1174	1149	1112
518.88731	1233	1224	1240	1200	1195	1178	1191	1159	1126	1084
519.44092	1256	1224	1228	1184	1194	1158	1172	1134	1150	1120
519.99457	1253	1220	1202	1206	1202	1194	1172	1140	1152	1095
520.54827	1220	1222	1218	1194	1170	1160	1145	1143	1117	1122
521.10202	1224	1220	1227	1199	1184	1160	1151	1131	1137	1099
521.65581	1222	1191	1214	1223	1185	1140	1152	1125	1124	1105
522.20966	1240	1194	1212	1188	1156	1159	1134	1114	1133	1107
522.76355	1202	1207	1200	1164	1137	1172	1127	1139	1120	1104
523.31748	1204	1205	1158	1180	1155	1144	1162	1130	1121	1107
523.87147	1215	1208	1181	1184	1136	1151	1128	1113	1126	1087
524.4255	1215	1154	1165	1163	1120	1129	1116	1113	1125	1101
524.97959	1155	1153	1171	1158	1138	1136	1113	1092	1091	1066
525.53371	1173	1187	1164	1152	1159	1136	1131	1129	1112	1099
526.08789	1187	1205	1171	1148	1151	1140	1131	1119	1097	1069
526.64212	1195	1159	1150	1146	1122	1144	1138	1123	1064	1056
527.19639	1200	1167	1144	1150	1137	1107	1101	1090	1071	1061
527.75071	1175	1139	1161	1127	1124	1115	1096	1074	1072	1053
528.30508	1171	1168	1168	1140	1118	1133	1085	1087	1076	1068
528.85949	1158	1153	1137	1146	1113	1086	1106	1095	1099	1033
529.41395	1144	1145	1147	1127	1112	1108	1107	1110	1083	1067
529.96846	1143	1161	1139	1098	1096	1112	1072	1066	1066	1059
530.52302	1157	1125	1151	1105	1111	1099	1079	1080	1047	1051
531.07763	1140	1112	1147	1113	1116	1109	1110	1078	1068	1044
531.63228	1131	1141	1120	1109	1099	1117	1078	1072	1064	1067
532.18698	1144	1160	1101	1115	1086	1118	1087	1051	1045	1049
532.74173	1133	1111	1132	1105	1113	1079	1079	1075	1017	1030
533.29653	1114	1124	1114	1098	1102	1079	1064	1042	1054	1019
533.85137	1120	1095	1116	1109	1106	1084	1081	1062	1050	1047
534.40626	1115	1124	1086	1070	1073	1066	1058	1035	1051	1045
534.9612	1093	1117	1097	1081	1079	1066	1043	1045	1025	1036
535.51619	1106	1093	1101	1072	1080	1058	1073	1028	1024	1034
536.07122	1097	1093	1079	1080	1063	1055	1044	1034	1024	1033
536.62631	1104	1095	1100	1038	1067	1075	1063	1020	1024	1020
537.18144	1095	1103	1076	1085	1071	1064	1054	1032	1033	999
537.73661	1079	1108	1087	1072	1077	1043	1050	1031	1029	1019
538.29184	1095	1068	1084	1075	1052	1048	1031	1014	1000	995
538.84711	1080	1072	1068	1063	1081	1059	1032	1012	1011	994
539.40243	1084	1059	1056	1053	1050	1048	1032	1019	1013	1027
539.9578	1062	1058	1079	1051	1068	1041	1062	1030	984	986
540.51322	1059	1044	1042	1064	1021	1040	1006	1013	1005	992
541.06868	1072	1051	1055	1046	1050	1031	1019	1004	995	984
541.62419	1051	1064	1049	1027	1039	1028	1016	1009	994	973
542.17975	1034	1047	1019	1029	1037	1031	1018	1010	986	979
542.73536	1075	1044	1046	1044	1029	1029	1029	1002	994	992
543.29101	1057	1012	1032	1035	1039	1020	994	1008	989	983
543.84672	1042	1046	1049	1035	1048	1012	995	980	981	961
544.40246	1039	1028	1065	1006	1026	1007	1006	983	1008	987
544.95826	1030	1039	1049	1048	1012	1019	992	994	975	957
545.51411	1033	1066	1018	1020	1015	984	988	968	967	970
546.07	1038	1047	1013	1017	995	998	984	976	966	950
546.62594	1014	1025	1004	998	1011	1013	979	988	967	954
547.18193	1011	1030	1019	1015	1001	1009	981	974	960	961
547.73796	1033	1014	1017	1009	996	990	971	979	983	953
548.29405	1030	1013	1014	1002	996	1002	1000	971	954	973
548.85018	999	1005	991	1004	1005	999	982	970	950	957
549.40636	996	1015	994	1017	985	973	967	966	950	961
549.96258	1011	1017	1000	1001	987	993	968	964	953	940
550.51886	1017	1002	1031	999	995	966	971	952	958	942
551.07518	1009	1012	1002	979	976	999	953	944	951	931
551.63155	956	982	975	998	979	984	970	946	958	944
552.18797	1017	990	964	982	963	956	942	962	941	941
552.74443	1008	980	990	1003	960	974	985	960	937	927
553.30094	975	987	1014	976	964	975	956	952	954	931
553.8575	988	986	973	976	986	960	960	936	942	939
554.41411	985	981	983	972	962	977	949	942	933	930
554.97077	1008	979	963	970	947	953	954	954	927	918
555.52747	971	966	978	973	956	944	938	939	935	918
556.08422	977	975	961	965	952	939	933	939	941	915
556.64102	966	975	954	960	935	945	960	956	922	910
557.19786	979	980	962	953	938	954	938	933	908	918
557.75476	976	971	966	944	949	943	932	938	916	917
558.3117	960	981	942	968	933	938	941	932	912	924
558.86869	959	971	924	933	934	924	921	937	916	896
559.42572	959	967	961	938	940	939	911	915	924	895
559.98281	956	957	953	955	917	932	926	918	907	900
560.53994	951	945	938	957	947	930	931	903	911	902
561.09712	946	965	949	936	931	927	939	891	916	911
561.65435	959	939	929	943	924	942	910	926	912	919
562.21162	939	932	936	934	926	925	917	899	883	888
562.76895	949	940	930	915	943	909	928	888	896	891
563.32632	936	929	921	931	925	911	923	911	904	886
563.88373	921	945	922	917	922	905	909	903	886	883
564.4412	938	924	920	904	903	917	900	908	903	883
564.99871	921	904	938	920	913	920	891	895	873	878
565.55627	935	904	906	921	919	915	890	903	887	879
566.11388	908	935	908	914	923	907	914	876	886	868
566.67154	914	907	923	916	897	898	882	884	884	875
567.22924	923	896	917	910	895	902	887	896	889	867
567.787	910	916	919	907	910	906	876	882	880	866
568.34479	908	916	904	885	887	894	893	877	872	859
568.90264	903	910	905	911	897	894	876	882	884	875
569.46054	892	919	890	904	876	875	884	891	892	866
570.01848	899	909	900	896	877	882	870	867	871	879
570.57647	884	910	896	889	886	875	874	865	864	867
571.13451	893	895	888	899	894	897	874	880	863	865
571.69259	900	914	901	896	894	879	882	869	875	864
572.25072	901	885	887	881	875	887	875	889	857	857
572.80891	898	893	891	889	889	858	871	879	849	857
573.36713	884	890	895	883	877	871	885	856	862	865
573.92541	889	891	886	884	891	880	867	879	872	850
574.48373	883	870	881	879	876	861	867	865	857	858
575.0421	896	871	875	875	880	850	867	846	851	846
575.60052	900	893	871	877	866	877	882	865	854	847
576.15899	893	861	888	866	874	850	847	848	839	842
576.7175	874	864	871	869	875	856	839	867	835	846
577.27607	865	868	858	873	869	856	868	858	865	853
577.83468	889	864	868	863	849	868	854	833	840	835
578.39333	879	870	873	849	855	863	846	849	839	836
578.95204	884	860	868	863	859	865	873	851	842	835
579.51079	870	871	871	866	854	846	855	853	828	843
580.06959	861	868	859	859	852	850	858	828	839	840
580.62844	860	865	860	845	844	853	852	837	832	830
581.18733	873	849	864	869	859	830	847	841	838	839
581.74628	849	848	849	850	851	848	836	845	837	829
582.30527	854	858	853	847	859	832	852	843	844	815
582.86431	854	852	845	847	835	836	844	839	823	829
583.42339	855	857	843	847	830	843	825	831	835	825
583.98253	865	851	849	847	842	854	838	831	830	835
584.54171	846	848	836	843	834	839	831	825	828	829
585.10094	851	841	842	839	841	857	845	831	822	826
585.66022	831	832	839	832	835	845	826	830	831	825
586.21954	833	843	842	845	830	839	840	827	827	836
586.77891	837	844	835	837	815	812	840	831	809	830
587.33833	844	839	847	829	844	821	829	815	818	824
587.8978	839	831	836	834	840	814	825	811	826	823
588.45732	836	840	829	823	831	828	820	828	815	817
589.01688	840	840	820	829	825	826	819	817	821	827
589.57649	844	834	830	820	838	829	819	825	804	822
590.13615	828	838	832	835	823	831	828	816	822	806
590.69585	836	831	848	829	827	827	825	822	822	818
591.25561	845	821	837	829	818	815	811	821	816	822
591.81541	838	828	823	831	813	813	823	809	805	806
592.37526	814	810	827	817	823	807	818	814	816	809
592.93515	823	817	820	831	831	825	829	814	810	805
593.4951	827	835	824	819	814	813	817	802	807	804
594.05509	823	840	806	806	822	807	813	814	811	795
594.61513	807	831	827	819	816	805	800	806	816	809
595.17522	817	816	832	832	814	809	796	817	794	787
595.73535	811	818	825	814	810	813	811	798	801	800
596.29553	819	817	828	819	805	811	810	807	801	795
596.85576	825	807	817	806	806	802	811	796	795	798
597.41604	813	817	822	819	812	816	798	804	793	799
597.97637	809	822	805	807	815	816	809	795	804	798
598.53674	788	810	807	800	807	792	809	805	799	795
599.09716	805	805	804	808	799	801	798	819	785	793
599.65763	818	816	823	800	816	805	803	794	789	804
600.21815	802	817	814	785	794	802	805	793	797	790
600.77871	804	800	805	809	802	799	800	797	795	797
601.33932	814	808	812	793	795	800	805	800	796	786
601.89998	801	810	803	799	792	802	793	798	782	793
602.46069	801	826	800	787	799	803	791	799	798	792
603.02144	803	811	800	810	799	803	788	789	783	802
603.58225	810	808	805	812	801	792	809	790	791	776
604.1431	801	802	812	804	797	796	802	785	789	790
604.70399	800	809	790	797	794	782	797	786	794	794
605.26494	794	811	803	788	788	787	785	797	782	779
605.82593	794	784	795	787	793	790	794	798	780	791
606.38697	796	804	801	796	791	787	783	786	789	783
606.94806	799	787	788	791	791	794	775	792	780	777
607.5092	792	799	802	798	788	797	786	780	779	779
608.07038	787	795	793	799	784	788	784	794	774	775
608.63161	787	798	783	777	778	781	794	786	799	785
609.19289	790	788	805	783	779	781	777	786	782	778
609.75422	790	785	791	789	784	791	791	782	782	780
610.31559	795	785	790	785	788	781	799	769	780	780
610.87701	787	792	786	788	785	773	781	788	777	780
611.43848	795	776	791	789	785	777	784	779	778	790
612	787	787	788	780	781	785	780	783	777	771
612.56156	776	788	784	784	782	785	784	781	779	782
613.12318	784	792	782	790	773	790	777	786	769	782
613.68484	793	790	780	782	778	787	782	775	766	774
614.24655	788	783	775	790	788	782	778	772	775	770
614.8083	794	786	773	779	775	784	769	774	784	775
615.3701	772	788	783	773	785	791	767	793	779	771
615.93196	789	780	775	781	779	778	771	776	782	769
616.49385	782	785	785	783	790	771	779	767	769	770
617.0558	784	789	778	771	777	779	786	771	768	774
617.61779	786	776	779	777	777	771	769	769	780	767
618.17984	786	785	788	773	770	765	775	770	767	775
618.74192	774	776	778	773	775	778	771	763	767	768
619.30406	774	781	783	772	774	779	769	774	761	770
619.86625	787	772	767	769	786	779	774	771	771	767
620.42848	775	776	775	779	768	773	772	765	772	764
620.99076	769	771	768	772	778	777	776	767	769	769
621.55309	778	775	775	769	764	770	769	766	770	767
622.11546	774	776	774	761	775	768	767	774	758	767
622.67788	776	774	767	767	778	774	771	766	765	765
623.24035	774	778	771	767	776	771	768	777	774	771
623.80287	779	783	769	770	775	779	761	769	761	764
624.36544	772	772	766	765	766	772	760	764	765	764
624.92805	776	773	776	776	771	769	765	765	768	762
625.49071	774	768	769	769	763	769	772	773	771	761
626.05342	774	768	775	778	763	775	768	759	761	764
626.61618	775	766	767	773	772	765	769	773	767	765
627.17898	765	774	764	767	771	760	753	763	757	771
627.74184	769	767	760	768	774	767	756	771	766	763
628.30473	768	767	770	764	764	762	760	767	766	766
628.86768	762	766	771	763	773	770	770	774	759	759
629.43068	763	762	765	765	768	761	767	763	759	763
629.99372	759	768	762	769	772	763	766	761	759	764
630.55681	765	766	763	755	772	765	763	765	770	759
631.11995	771	755	767	767	781	759	763	753	770	760
631.68313	768	764	754	759	759	757	760	758	764	758
632.24637	767	760	766	771	763	767	761	766	770	756
632.80965	767	766	763	758	758	757	761	762	764	757
633.37298	769	762	763	768	765	765	755	760	760	771
633.93635	772	766	768	765	761	757	757	758	759	755
634.49978	765	771	766	758	765	763	760	771	765	757
635.06325	760	761	765	755	764	756	758	754	754	769
635.62677	759	750	763	767	759	752	752	761	758	767
636.19033	761	765	768	762	765	764	761	757	764	766
636.75395	758	765	762	765	758	763	756	768	754	763
637.31761	765	762	758	759	760	756	754	769	757	757
637.88132	758	763	756	766	765	770	767	755	759	753
638.44508	760	761	757	764	763	758	754	759	758	760
639.00888	768	767	755	761	765	762	763	768	760	763
639.57274	760	765	749	762	759	758	759	751	757	752
640.13664	760	759	767	759	755	754	761	754	762	760
640.70058	760	752	755	756	761	759	760	757	758	759
641.26458	757	753	759	767	765	760	762	760	757	757
641.82862	756	758	758	755	761	751	758	760	754	755
642.39271	758	758	763	752	756	767	754	748	767	769
642.95685	760	763	753	759	756	754	759	756	747	758
643.52104	766	761	761	762	757	763	751	756	753	764
644.08527	756	756	763	760	758	763	751	750	747	752
644.64956	760	759	757	761	755	759	756	756	755	760
645.21389	754	760	753	753	761	749	755	754	751	745
645.77826	755	758	762	752	765	752	760	755	753	753
646.34269	767	759	747	750	762	753	744	755	760	757
646.90716	753	757	752	749	753	761	750	758	757	748
647.47168	743	757	757	755	759	757	750	747	755	752
648.03625	758	756	761	761	749	749	750	751	751	749
648.60086	761	748	755	746	756	757	764	750	750	752
649.16553	757	753	749	751	760	755	746	759	764	738
649.73024	754	760	763	758	755	753	749	752	746	752
650.295	755	749	755	758	755	750	744	753	757	745
650.8598	747	749	749	750	766	757	755	762	748	749
651.42466	754	756	756	751	761	751	752	753	760	748
651.98956	754	756	752	759	764	748	757	750	754	757
652.55451	764	757	759	750	758	748	757	752	754	748
653.1195	752	752	755	750	765	749	751	749	753	752
653.68455	753	751	760	737	756	755	761	752	749	742
654.24964	749	754	748	752	748	753	755	753	744	751
654.81478	760	762	758	759	761	754	747	753	752	752
655.37997	762	756	755	745	760	762	755	753	757	747
655.9452	760	754	749	757	751	757	752	753	749	747
656.51049	749	761	760	758	747	755	746	751	754	758
657.07582	753	756	760	751	742	751	748	750	760	750
657.64119	752	750	755	749	748	758	756	753	747	748
658.20662	756	750	753	755	749	753	748	750	749	749
658.77209	752	751	753	745	750	749	751	754	745	749
659.33761	755	748	746	752	746	757	754	745	752	750
659.90318	746	751	751	748	748	748	749	744	756	740
660.4688	749	748	752	743	745	742	750	747	754	742
661.03446	749	749	753	751	753	755	756	751	751	747
661.60018	747	759	753	745	753	754	751	752	747	742
662.16594	751	750	750	751	746	741	751	751	747	749
662.73174	752	745	755	749	754	751	753	746	746	739
663.2976	757	751	750	755	754	753	749	749	752	751
663.8635	747	754	757	747	749	747	744	747	753	749
664.42945	751	747	753	756	750	753	749	743	746	750
664.99545	755	747	760	749	745	750	739	749	752	744
665.56149	756	751	753	754	751	741	746	749	744	752
666.12759	747	759	756	754	751	749	745	748	745	753
666.69373	744	760	754	745	743	745	745	751	743	756
667.25992	749	748	751	750	752	745	758	747	744	741
667.82615	749	744	753	754	752	753	750	746	748	748
668.39244	747	758	749	747	762	749	750	757	751	749
668.95877	752	755	749	749	749	742	748	751	747	756
669.52515	742	748	748	750	748	743	746	744	744	749
670.09157	752	750	752	742	754	755	753	751	753	745
670.65805	749	751	756	747	752	763	747	761	750	748
671.22457	747	752	758	758	758	754	750	752	762	759
671.79114	745	754	754	754	750	741	748	751	750	741
672.35776	744	747	754	745	755	746	746	743	749	742
672.92442	744	751	743	749	747	749	747	748	742	743
673.49113	748	747	758	743	738	745	753	741	742	739
674.05789	751	747	745	743	756	743	751	755	751	738
674.6247	749	737	744	747	747	753	753	749	743	748
675.19156	745	749	749	742	749	747	745	742	744	740
675.75846	751	747	749	750	749	749	739	744	747	744
676.32541	746	752	746	752	745	745	739	742	746	745
676.89241	742	749	739	746	759	745	750	736	747	748
677.45946	752	750	742	747	749	754	745	743	739	744
678.02655	748	745	747	745	746	745	740	743	738	746
678.59369	755	746	748	746	739	742	742	736	744	743
679.16088	742	748	741	744	739	747	751	744	741	744
679.72812	743	756	746	744	746	746	746	747	749	751
680.29541	743	750	739	746	754	748	742	748	741	751
680.86274	747	742	750	740	739	743	747	742	740	738
681.43012	745	747	749	745	745	754	736	747	744	750
681.99755	744	746	741	743	744	741	747	757	743	746
682.56502	749	747	747	739	744	751	750	743	750	750
683.13254	749	744	745	745	747	739	745	744	749	755
683.70012	746	738	749	745	744	743	751	746	746	754
684.26773	748	744	746	753	741	750	744	746	736	743
684.8354	752	751	745	738	749	749	745	733	745	741
685.40311	744	751	740	742	750	748	744	745	744	748
685.97087	741	747	748	750	742	752	741	738	747	749
686.53868	752	743	746	746	743	740	747	748	746	747
687.10654	747	743	747	740	742	742	744	747	743	739
687.67445	743	752	752	743	754	740	746	745	742	743
688.2424	748	744	747	745	743	741	738	754	743	744
688.8104	744	743	745	744	748	743	742	748	751	744
689.37844	748	744	745	740	739	745	743	740	744	740
689.94654	742	754	748	747	747	751	742	745	745	749
690.51468	745	747	741	742	744	747	752	746	746	750
691.08287	745	741	746	747	743	748	745	740	750	741
691.65111	746	743	744	745	741	744	744	750	744	745
692.2194	744	737	742	746	746	743	752	734	746	739
692.78773	741	743	745	747	736	744	743	744	742	745
693.35611	751	742	744	747	748	747	736	740	749	740
693.92454	750	750	752	737	745	740	746	738	745	741
694.49302	742	751	743	743	748	736	743	737	746	741
695.06154	747	748	747	747	746	744	749	747	742	754
695.63011	744	744	738	744	748	745	736	734	747	741
696.19873	740	748	742	742	744	745	744	738	744	745
696.7674	751	747	748	748	740	741	742	738	743	748
697.33611	738	740	741	743	739	741	739	741	741	738
697.90488	735	741	744	743	743	746	744	747	750	742
698.47369	742	748	749	738	743	743	745	740	741	744
699.04254	751	743	741	744	742	741	735	740	744	746
699.61145	737	736	745	749	745	753	738	744	747	744
700.1804	741	742	742	746	743	742	744	738	748	739
700.7494	741	746	745	743	738	748	741	740	740	742
701.31845	744	748	749	747	758	749	752	745	749	751
701.88755	740	747	744	744	745	738	746	742	744	735
702.45669	742	744	741	747	747	742	743	743	739	747
703.02588	755	736	747	743	742	740	747	745	736	738
703.59512	747	747	736	752	747	740	741	745	741	745
704.16441	751	748	742	747	743	745	743	742	738	744
704.73374	749	746	746	751	748	739	745	739	744	747
705.30312	746	746	743	746	744	740	744	738	743	744
705.87255	745	749	751	742	748	739	748	738	739	743
706.44203	750	739	743	738	747	746	735	740	733	745
707.01156	749	749	743	742	750	744	749	740	746	745
707.58113	742	742	743	741	741	743	743	742	743	737
708.15075	745	740	737	749	740	751	749	739	739	744
708.72042	742	749	753	747	746	748	742	742	746	747
709.29013	744	745	742	738	734	748	742	742	744	743
709.8599	755	746	743	749	742	753	748	752	746	751
710.42971	740	743	746	747	741	745	742	740	742	740
710.99957	743	742	739	735	739	748	750	743	748	742
711.56947	753	761	752	755	755	752	746	750	750	758
712.13943	751	742	744	739	742	746	744	738	742	738
712.70943	738	742	739	746	745	741	745	735	741	741
713.27948	744	744	737	744	738	747	740	738	740	740
713.84957	746	741	750	742	738	750	736	746	735	738
714.41972	743	738	738	747	734	743	743	739	739	737
714.98991	743	742	742	742	741	735	739	746	741	741
715.56015	743	748	743	745	746	734	742	747	743	749
716.13044	739	750	744	745	736	736	741	737	739	738
716.70078	742	749	753	753	744	743	744	742	749	753
717.27116	744	743	747	739	746	743	739	746	748	747
717.84159	746	746	743	735	742	742	740	743	745	745
718.41207	745	745	747	749	744	741	738	741	735	739
718.98259	746	745	746	743	737	751	744	742	734	735
719.55317	738	743	745	739	742	739	742	744	744	738
720.12379	734	742	745	742	748	737	739	736	744	741
720.69446	739	741	739	742	750	743	746	737	744	732
721.26517	740	742	737	738	748	739	742	734	747	738
721.83594	743	740	743	745	742	739	740	742	740	737
722.40675	735	738	740	739	747	746	739	745	736	743
722.97761	744	739	746	739	739	736	747	735	731	743
723.54852	738	741	740	741	744	744	739	739	743	735
724.11947	741	738	740	742	747	742	744	746	739	746
724.69048	745	745	742	749	742	738	737	734	737	737
725.26153	742	740	739	751	740	735	740	744	738	746
725.83262	743	745	747	743	739	741	743	746	743	745
726.40377	743	742	742	749	741	747	740	737	740	736
726.97496	741	741	743	739	742	734	737	742	744	745
727.5462	747	738	747	739	740	739	738	736	738	738
728.11749	740	737	739	741	738	741	745	739	739	743
728.68883	743	731	740	739	740	742	742	742	744	746
729.26021	745	736	740	739	745	736	737	740	738	738
729.83164	738	746	743	747	737	745	739	739	745	742
730.40312	739	743	734	749	737	733	739	739	735	738
730.97465	746	736	737	742	744	739	742	739	740	735
731.54623	743	743	745	739	737	747	741	742	739	737
732.11785	736	734	736	738	741	741	736	739	739	743
732.68952	744	739	741	744	741	745	744	743	747	740
733.26124	745	736	745	735	732	739	739	736	739	741
733.833	748	742	739	741	740	745	737	738	753	740
734.40481	730	737	751	740	737	742	734	736	742	740
734.97667	739	746	737	733	739	739	738	738	739	747
735.54858	741	736	744	732	744	742	734	738	733	739
736.12054	737	737	732	743	739	735	732	739	739	742
736.69254	737	740	732	740	744	739	744	744	743	736
737.26459	748	735	739	730	738	740	742	734	735	732
737.83669	739	739	735	739	738	742	740	741	742	746
738.40884	736	733	743	747	740	739	738	740	742	744
738.98103	738	735	743	747	739	742	741	738	733	731
739.55328	740	735	742	732	739	735	735	737	739	746
740.12556	739	742	738	737	740	738	746	737	739	741
740.6979	740	743	746	741	743	737	740	739	743	739
741.27029	740	741	740	734	735	739	736	737	734	735
741.84272	740	739	739	740	744	743	741	739	745	739
742.4152	734	733	741	739	740	743	749	739	738	747
742.98773	733	738	742	744	741	738	741	737	736	739
743.5603	741	740	744	747	745	748	744	732	740	743
744.13293	737	738	739	737	736	731	738	739	737	735
744.7056	737	739	739	737	733	743	735	746	731	740
745.27832	739	739	738	736	735	739	736	741	740	743
745.85108	742	736	739	745	735	736	746	737	743	740
746.4239	741	737	738	735	740	747	739	737	738	735
746.99676	737	740	743	743	741	737	744	739	737	735
747.56967	740	740	736	740	733	738	741	732	737	739
748.14262	736	739	736	742	747	738	732	737	741	736
748.71563	741	740	738	733	738	741	737	735	743	746
749.28868	739	731	748	736	743	739	739	738	743	741
749.86178	738	742	745	738	740	746	740	747	734	737
750.43493	742	743	742	740	734	735	736	743	739	739
751.00812	743	732	738	736	738	739	737	741	735	743
751.58137	744	738	739	739	733	736	741	741	736	739
752.15466	735	743	738	742	735	737	739	734	731	738
752.728	737	744	742	742	734	735	733	740	746	739
753.30138	739	733	736	739	741	740	749	737	738	739
753.87482	744	733	744	732	735	742	745	741	747	743
754.4483	741	746	739	732	729	737	737	739	736	743
755.02183	745	735	737	740	735	736	739	739	738	739
755.5954	738	741	741	741	737	741	737	737	735	737
756.16903	736	741	732	743	739	745	745	740	744	738
756.7427	748	741	745	736	736	744	746	747	739	748
757.31642	736	736	742	740	738	738	740	741	741	740
757.89019	739	739	737	732	742	735	742	744	741	739
758.464	737	730	737	739	738	739	738	738	741	746
759.03786	739	733	739	737	740	738	748	741	733	737
759.61177	738	741	737	733	740	740	742	736	744	747
760.18573	746	735	740	735	736	738	732	735	735	738
760.75974	745	750	746	741	743	735	739	741	741	740
761.33379	742	738	736	736	734	739	733	743	743	738
761.90789	737	736	736	738	737	745	735	733	737	740
762.48204	734	734	747	735	741	735	739	739	735	743
763.05624	736	738	741	743	740	734	739	740	740	740
763.63048	739	738	741	735	742	733	736	735	743	736
764.20477	733	737	733	739	737	731	733	743	737	734
764.77911	740	736	735	730	745	734	734	737	734	735
765.3535	745	745	742	736	734	739	736	732	731	738
765.92793	735	742	742	734	737	739	743	737	732	739
766.50242	732	747	741	739	733	743	734	737	739	745
767.07695	749	739	734	739	739	739	740	740	739	731
767.65152	742	739	739	738	736	737	743	739	743	735
768.22615	735	736	738	734	736	739	734	736	735	747
768.80082	737	743	737	735	736	734	731	736	738	737
769.37554	734	735	736	754	746	735	740	736	732	739
769.95031	741	740	743	738	741	740	738	746	740	735
770.52513	737	742	744	739	738	741	736	743	737	742
771.09999	732	737	738	739	741	736	747	738	733	747
771.6749	734	740	741	738	732	737	736	731	739	736
772.24986	737	735	735	738	739	739	740	732	733	737
772.82487	731	735	739	741	742	739	732	737	739	736
773.39992	732	734	737	737	734	736	738	736	740	739
773.97502	729	740	746	736	737	736	741	737	742	741
774.55017	742	744	742	739	743	732	733	738	737	732
775.12537	737	729	739	739	739	736	731	739	736	735
775.70061	731	738	736	736	743	733	743	736	739	737
776.27591	736	734	729	736	739	738	735	740	738	740
776.85125	740	740	738	734	742	729	740	740	740	735
777.42663	733	743	741	744	735	733	736	739	736	739
778.00207	739	737	740	737	746	741	735	736	739	739
778.57755	746	739	736	736	745	735	735	737	731	731
779.15308	745	736	734	737	737	741	737	733	738	737
779.72866	741	737	746	738	740	742	743	740	734	736
780.30429	743	741	740	738	741	735	736	738	736	739
780.87996	737	739	737	735	732	738	737	734	738	743
781.45568	735	729	735	741	739	743	737	735	732	739
782.03145	734	741	740	738	744	734	735	736	735	740
782.60727	737	736	736	740	737	742	737	743	739	739
783.18314	739	745	744	747	750	747	748	739	741	741
783.75905	738	744	740	735	739	739	734	735	734	732
784.33501	733	739	736	734	732	738	736	737	744	739
784.91101	740	746	743	740	741	736	736	737	732	744
785.48707	736	733	732	739	736	740	736	731	735	741
786.06317	745	742	738	736	738	740	738	736	741	736
786.63932	737	738	733	730	737	736	734	730	738	735
787.21552	734	741	739	735	735	738	739	736	740	737
787.79177	739	736	736	736	738	740	743	734	732	739
788.36806	729	734	732	738	739	731	734	735	742	738
788.9444	733	736	742	731	734	736	732	736	738	737
789.52079	734	735	732	736	735	738	739	733	732	734
790.09723	739	732	735	735	741	729	743	735	733	739
790.67371	739	744	738	733	740	736	741	737	739	732
791.25024	738	740	726	732	737	738	739	737	734	733
791.82682	734	729	729	734	731	738	737	747	732	740
792.40345	737	732	733	736	741	733	735	733	732	738
792.98013	736	733	742	734	741	733	739	731	732	734
793.55685	739	737	726	738	744	738	733	732	738	734
794.13362	738	741	737	740	738	739	735	737	741	734
794.71044	732	730	734	735	740	745	739	733	735	737
795.2873	739	738	734	738	738	729	735	736	743	740
795.86421	734	735	736	735	738	739	743	731	740	740
796.44118	736	742	738	739	734	738	735	729	736	739
797.01818	734	738	732	739	740	736	728	739	738	733
797.59524	733	740	735	735	736	741	744	740	734	734
798.17234	733	737	735	734	740	735	736	738	737	741
798.7495	735	739	735	731	740	739	745	738	735	740
799.32669	743	736	738	742	736	740	740	734	738	736
799.90394	730	739	742	739	737	731	736	739	739	734
800.48124	736	735	734	736	739	737	746	736	741	735
801.05858	740	734	738	736	738	738	734	735	732	735
801.63597	737	737	732	736	736	741	739	736	740	737
802.21341	740	740	737	734	742	739	734	737	735	734
802.79089	733	739	733	742	741	741	736	734	734	731
803.36842	733	739	737	741	737	733	736	739	736	740
803.946	739	737	728	733	732	738	737	733	741	732
804.52363	734	741	734	735	731	732	731	734	739	738
805.10131	734	741	736	734	733	732	737	741	732	736
805.67903	730	740	734	745	733	734	739	739	733	738
806.2568	734	731	736	737	736	732	730	733	728	739
806.83462	736	733	737	731	743	730	740	739	743	738
807.41249	733	739	742	735	733	737	736	739	739	735
807.9904	735	735	736	734	739	735	733	737	744	733
808.56836	738	733	731	739	734	740	740	731	737	737
809.14637	732	734	733	735	743	735	740	742	737	739
809.72443	735	734	737	735	738	745	736	728	745	738
810.30254	731	734	736	738	729	737	732	737	734	739
810.88069	735	732	743	745	735	733	738	736	735	734
811.45889	734	733	736	732	736	734	737	736	735	735
812.03714	738	740	731	746	735	735	740	737	738	739
812.61543	732	743	737	741	734	742	735	737	738	735
813.19378	739	743	735	739	737	731	732	739	736	739
813.77217	736	732	736	737	739	740	740	735	737	737
814.3506	735	737	738	738	735	738	737	733	740	735
814.92909	742	739	740	735	732	743	735	739	728	732
815.50762	743	748	732	738	741	743	743	739	740	735
816.08621	742	738	743	736	734	735	740	741	738	739
816.66484	735	735	734	739	737	738	740	738	737	738
817.24351	735	734	733	731	741	740	736	736	733	735
817.82224	744	734	732	732	742	741	738	736	735	739
818.40101	736	737	745	740	737	735	737	747	736	731
818.97983	737	737	740	740	737	735	736	743	737	733
819.5587	737	741	739	732	734	740	736	743	736	738
820.13761	740	738	733	734	736	737	734	742	736	735
820.71657	735	737	735	729	745	738	732	739	734	732
821.29558	737	734	741	736	737	737	737	738	738	736
821.87464	736	739	736	738	734	737	734	738	730	740
822.45375	732	734	732	741	738	731	738	741	737	735
823.0329	740	746	731	733	734	737	744	737	736	737
823.6121	737	733	740	730	731	735	740	734	733	732
824.19135	740	741	738	739	738	733	729	735	736	737
824.77065	746	728	738	735	737	736	735	736	732	735
825.34999	736	735	733	745	748	741	733	738	739	735
825.92938	739	736	734	740	741	734	741	735	740	738
826.50882	742	740	738	738	739	739	733	735	735	738
827.08831	742	738	738	741	738	734	739	735	735	735
827.66785	735	729	739	735	735	737	738	740	741	740
828.24743	743	739	731	737	739	739	737	736	739	741
828.82706	728	741	740	746	733	737	737	735	738	735
829.40674	734	731	736	738	739	740	734	736	735	738
829.98646	732	739	736	732	732	740	738	740	733	738
830.56623	735	729	732	737	735	732	741	735	733	734
831.14606	737	734	736	739	733	736	738	730	734	740
831.72592	739	735	732	740	741	734	732	731	731	733
832.30584	742	739	739	738	738	729	738	739	737	737
832.8858	736	743	747	732	738	734	737	737	738	737
833.46582	735	738	732	737	736	738	742	738	740	740
834.04587	732	734	740	736	737	742	737	735	736	739
834.62598	738	738	742	735	732	737	739	739	737	742
835.20614	735	740	741	738	738	735	732	734	728	737
835.78634	735	735	739	736	731	740	733	735	730	736
836.36659	738	737	732	734	738	736	731	732	734	732
836.94688	739	739	745	736	737	735	736	740	740	736
837.52723	734	742	736	732	735	744	741	735	736	734
838.10762	740	740	733	733	743	738	738	734	735	739
838.68806	735	732	740	744	738	735	737	734	734	739
839.26855	734	736	741	735	740	745	733	731	738	738
839.84909	734	731	738	740	738	739	734	735	734	741
840.42967	735	738	742	737	738	734	735	731	745	735
841.0103	739	738	737	743	736	738	738	737	741	730
841.59098	736	739	736	740	730	739	735	739	735	734
842.17171	734	741	732	740	734	735	739	741	735	743
842.75248	740	738	743	738	733	738	740	742	736	734
843.3333	743	738	734	737	743	733	738	740	739	740
843.91417	736	739	735	743	732	739	732	735	736	737
844.49509	737	734	737	737	740	733	742	730	732	733
845.07605	735	731	734	738	743	738	736	739	736	740
845.65707	738	733	734	734	738	736	741	740	743	740
846.23813	735	738	735	734	731	738	737	736	739	736
846.81923	735	745	740	741	737	735	735	739	740	739
847.40039	739	743	742	738	736	737	736	733	737	736
847.98159	735	736	742	739	743	735	738	745	738	737
848.56284	738	741	734	740	736	734	745	736	744	737
849.14414	736	732	740	739	736	733	738	745	736	742
849.72549	741	739	739	741	738	739	736	741	740	739
850.30688	742	736	738	736	738	737	740	735	739	742
850.88832	741	738	740	737	739	736	747	736	743	736
851.46981	734	737	739	732	738	745	741	736	736	740
852.05135	735	740	738	746	733	734	739	738	741	739
852.63293	738	737	739	734	736	735	739	736	732	737
853.21457	739	748	744	745	740	747	739	741	737	745
853.79625	738	741	741	739	734	740	735	744	742	739
854.37797	739	742	743	743	740	739	741	743	744	737
854.95975	740	738	745	740	743	734	747	738	740	749
855.54157	734	743	741	735	740	739	745	744	739	745
856.12344	744	740	737	738	741	735	741	741	737	737
856.70536	736	746	745	735	738	739	740	737	748	737
857.28732	747	734	747	741	742	743	742	737	739	740
857.86934	744	735	732	734	750	737	741	739	740	739
858.4514	741	739	737	738	739	736	738	743	744	749
859.03351	738	741	738	739	744	736	735	746	738	737
859.61566	742	743	734	741	734	740	740	735	736	745
860.19787	749	743	743	738	747	738	738	748	738	743
860.78012	744	747	742	744	741	737	742	748	741	741
861.36242	745	739	742	744	740	737	739	744	738	734
861.94477	740	747	738	734	738	747	741	745	747	743
862.52716	742	745	741	743	741	737	746	739	743	738
863.1096	745	744	752	738	753	738	746	743	740	735
863.69209	744	745	749	740	739	740	744	739	737	738
864.27463	743	748	740	736	744	735	740	740	736	741
864.85722	740	737	741	744	743	743	738	747	744	747
865.43985	740	740	742	746	746	746	738	740	740	742
866.02253	744	743	743	735	744	742	746	745	743	744
866.60526	741	740	749	742	739	743	739	735	738	743
867.18804	738	749	750	744	746	743	752	744	736	739
867.77086	742	741	746	747	743	744	740	741	748	741
868.35373	747	746	746	740	741	749	742	745	736	742
868.93665	743	742	740	747	748	743	743	735	737	740
869.51962	750	743	743	745	740	745	739	746	739	743
870.10263	738	748	747	749	739	744	749	742	743	738
870.68569	741	737	741	744	744	740	739	738	749	739
871.2688	746	735	741	745	746	739	734	744	742	752
871.85196	748	748	738	747	747	739	754	751	741	744
872.43516	754	746	746	748	744	741	749	750	748	744
873.01842	746	750	738	741	745	740	740	743	745	741
873.60172	739	748	738	744	740	733	740	739	744	742
874.18507	750	742	748	740	744	740	744	750	746	746
874.76846	745	746	743	742	739	746	740	741	746	745
875.35191	747	744	745	746	748	743	743	746	746	744
875.9354	747	745	747	746	746	742	743	747	744	743
876.51893	757	748	737	733	742	741	743	744	736	747
877.10252	746	749	743	747	744	743	741	734	739	743
877.68616	739	752	754	752	747	743	750	749	741	745
878.26984	739	750	746	748	751	750	744	747	742	744
878.85357	745	746	744	736	750	743	744	739	745	738
879.43734	751	752	742	750	744	744	754	750	745	743
880.02117	745	751	741	745	748	750	743	745	744	746
880.60504	742	744	745	752	746	742	749	748	743	748
881.18896	743	742	745	750	744	745	744	751	754	745
881.77293	747	740	748	741	748	743	746	747	742	747
882.35694	759	752	741	745	749	746	748	743	741	747
882.94101	749	755	743	750	752	746	746	750	753	739
883.52512	742	745	752	737	751	753	746	750	744	740
884.10928	742	743	752	742	747	755	746	742	745	744
884.69348	742	750	747	739	754	750	746	748	748	749
885.27774	750	757	753	748	752	750	754	748	764	750
885.86204	756	744	747	752	745	754	748	745	746	748
886.44639	752	747	745	746	742	745	745	742	737	751
887.03078	752	755	756	755	750	742	750	743	752	741
887.61523	755	748	745	748	750	757	752	743	752	748
888.19972	753	748	747	749	745	745	743	740	749	749
888.78426	755	746	753	746	750	750	746	751	741	745
889.36885	753	748	749	750	749	745	748	747	754	745
889.95348	749	749	748	747	749	755	751	746	752	744
890.53816	753	744	746	746	749	747	743	747	747	741
891.12289	751	750	745	751	747	749	741	751	756	757
891.70767	750	759	747	745	758	755	746	755	759	756
892.2925	755	746	754	751	749	739	751	744	748	747
892.87737	747	753	756	748	747	742	744	750	748	747
893.46229	751	750	747	752	744	747	757	748	745	744
894.04726	745	744	751	747	752	744	748	750	750	746
894.63228	744	752	756	744	750	752	748	754	738	749
895.21734	749	748	757	742	742	746	750	743	755	757
895.80245	757	753	749	742	751	747	746	747	746	751
896.38761	746	752	748	744	750	750	746	755	747	756
896.97282	753	756	749	756	767	754	761	753	745	747
897.55807	747	747	752	748	754	752	758	743	750	752
898.14338	753	752	753	749	751	743	748	743	748	750
898.72873	750	757	750	754	753	747	750	747	739	751
899.31412	753	757	749	752	755	756	752	749	749	748
899.89957	754	752	749	742	743	758	745	751	754	753
900.48506	756	751	755	753	747	754	750	757	743	758
901.0706	750	746	746	749	741	752	747	748	753	752
901.65619	760	747	749	745	748	749	750	755	750	746
902.24183	751	753	753	747	758	749	753	751	757	748
